710102WN01  0065000   01061   0     0     0     07B1
710102WN01  0065001   0   0 749     0     0     07A1
710102WN01  0065002   0   0   05118512813942494318A1
710117WN01  0065000   0   0   0  1129     0     08B1
710121WN01  0065000   0   0   0   532     0     08C1
710123WN01  0065000   0   0   05118512813942494318A1
710123WN01  0065001   02338   0     0     0     07B1
710123WN01  0065002   0   01273     0     0     07A1
710130WN01  0065000   0 686   0     0     0     07B1
710130WN01  0065001   0   0 663     0     0     07A1
710131WN01  0065000   0   0   0  1105     0     0   
710204WN01  0065000   0   0   0   354     0     0   
710206WN01  0065000   0   0   05134152831062508898A1
710206WN01  0065001   0 638   0     0     0     07B1
710206WN01  0065002   0   0 628     0     0     07A1
710213WN01  0065000   03462   0     0     0     07B1
710213WN01  0065001   0   0 609     0     0     07A1
710213WN01  0065002   0   0   05134152831062508898A1
710214WN01  0065000   0   0   0  1979     0     08B 
710214WN01  0065001   0   0   0  1979     0     08B1
710218W     0065000   0   0   0   791     0     086 
710218WN01  0065000   0   0   0   791     0     08C1
710220WN01  0065000   0   0 863     0     0     07A1
710220WN01  0065001   04644   0     0     0     07B1
710220WN01  0065002   0   0   05134152831062508898A 
710221WN01  0065000   0   0   0  2392     0     08B1
710225WN01  0065000   0   0   0   786     0     08C1
710227WN01  0065000   0   0   05134152831062508898A1
710227WN01  0065001   01287   0     0     0     07B1
710227WN01  0065002   0   01062     0     0     07A1
710306WN01  0065000   0   0   05134152831062508898A1
710306WN01  0065001   0 488   0     0     0     07B1
710306WN01  0065002   0   01149     0     0     07A1
710313WN01  0065000   03371   0     0     0     07B1
710313WN01  0065001   0   08821     0     0     07A1
710313WN01  0065002   0   0   0   488     0     08C1
710313WN01  0065003   0   0   0  2878     0     08B1
710313WN01  0065004   0   0   05164642855032521588A1
710320WN01  0065000   0   0   0   832     0     08C1
710320WN01  0065001   0   0   0  2576     0     08B1
710320WN01  0065002   0   0   05164642855032521588A1
710320WN01  0065003   02929   0     0     0     07B1
710320WN01  0065004   0   01479     0     0     07A1
710327WN01  0065000   0   0   0   529     0     08C1
710327WN01  0065001   01433   0     0     0     07B1
710327WN01  0065002   0   01012     0     0     07A1
710403WN01  0065000   0   0   05148012850762492868A1
710403WN01  0065001   01430   0     0     0     07B1
710403WN01  0065002   0   0   0   693     0     08C1
710403WN01  0065003   0   01010     0     0     07A1
710410WN01  0065000   0   0   05148012850762492868A1
710410WN01  0065001   0   0   0   656     0     08C1
710410WN01  0065002   0   0   0  2435     0     08B1
710410WN01  0065003   0 417   0     0     0     07B1
710410WN01  0065004   0   01942     0     0     07A1
710417WN01  0065000   01301   0     0     0     07B1
710417WN01  0065001   0   01057     0     0     07A1
710417WN01  0065002   0   0   0   933     0     08C1
710417WN01  0065003   0   0   0  1696     0     08B1
710417WN01  0065004   0   0   05148012850762492868A1
710418WN01  0065000   0   0   0  2991     0     08B1
710422WN01  0065000   0   0   0   987     0     08C1
710424WN01  0065000   0   0   05148012850762492868A1
710424WN01  0065001   0   01015     0     0     07A1
710424WN01  0065002   02962   0     0     0     07B1
710425WN01  0065000   0   0   0  2932     0     08B1
710429WN01  0065000   0   0   0   680     0     0   
710501WN01  0065000   0   0   05178042921562477158A1
710501WN01  0065001   0 547   0     0     0     07B1
710501WN01  0065002   0   0 540     0     0     07A1
710502WN01  0065000   0   0   0  1980     0     08B 
710506WN01  0065000   0   0   0   596     0     08C 
710508WN01  0065000   0   0 948     0     0     07A1
710508WN01  0065001   03150   0     0     0     07B1
710508WN01  0065002   0   0   05178042921562477158A 
710515WN01  0065000   0   0   0   650     0     08C 
710515WN01  0065001   0   0   0  2098     0     08B 
710515WN01  0065002   0   0   05178042921562477158A 
710515WN01  0065003   05878   0     0     0     07B 
710515WN01  0065004   0   0 897     0     0     07A 
710516WN01  0065000   0   0   0  2195     0     08B 
710521WN01  0065000   0   0   0   877     0     08C 
710522WN01  0065000   0   0   05178042921562477158A 
710522WN01  0065001   02550   0     0     0     07B1
710529WN01  0065000   0   0   0  2202     0     08B 
710529WN01  0065001   0   0   0   632     0     08C 
710529WN01  0065002   0   0 729     0     0     07A1
710529WN01  0065003   0   0   05160672941732479978A 
710529WN01  0065004   04950   0     0     0     07B1
710530WN01  0065000   0   0   0  2020     0     08B 
710603WN01  0065000   0   0   0   658     0     08C 
710605WN01  0065000   0   0   05166672941732479978A 
710605WN01  0065001   01332   0     0     0     07B1
710605WN01  0065002   0   0 781     0     0     07A1
710613WN01  0065000   0   0   0  2531     0     08B 
710617WN01  0065000   0   0   0   426     0     08C 
710619WN01  0065000   0   0 775     0     0     07A 
710619WN01  0065001   0   0   05160672941732479978A 
710619WN01  0065002   01432   0     0     0     07B 
710620WN01  0065000   0   0   0  1963     0     08B1
710624WN01  0065000   0   0   0   893     0     08C1
710626WN01  0065000   0   0 586     0     0     07A 
710626WN01  0065001   0 707   0     0     0     07B 
710626WN01  0065002   0   0   05160672941732479978A1
710627WN01  0065000   0   0   0  1752     0     08B1
710700WN01  0065000   0   0   0  2264     0     08B 
710701WN01  0065000   0   0   0   875     0     08C1
710703WN01  0065000   0   01381     0     0     07A1
710703WN01  0065001   0   0   05179402950192476388A1
710708WN01  0065000   0   0   0   740     0     08C 
710710WN01  0065000   0   0   05179402950192476388A 
710710WN01  0065001   01933   0     0     0     07B1
710710WN01  0065002   0   0 976     0     0     07A1
710711WN01  0065000   0   0   0  2264     0     08B 
710715WN01  0065000   0   0   0   657     0     08C 
710717WN01  0065000   01082   0     0     0     07B 
710717WN01  0065001   0   0 920     0     0     07A 
710717WN01  0065002   0   0   05179402950192476388A 
710724WN01  0065000   0   0 767     0     0     07A 
710724WN01  0065001   0   0   05168482957442475378A 
710724WN01  0065002   01130   0     0     0     07B 
710724WN01  0065003   0   0   0   810     0     08C 
710724WN01  0065004   0   0   0  3493     0     08B 
710729WN01  0065000   0   0   0   671     0     08  
710731WNCB  0065000   0   0   0     0     0     0   
710731WN01  0065000   0   0 729     0     0     07A1
710731WN01  0065001   0 696   0     0     0     07B1
710801WN01  0065000   0   0   0  1525     0     08B1
710805WN01  0065000   0   0   0   698     0     08C1
710807WN01  0065000   05120   0     0     0     07B1
710807WN01  0065001   0   01070     0     0     07A1
710807WN01  0065002   0   0   05168482957442475378A1
710808WN01  0065000   0   0   0  1862     0     08B1
710812WN01  0065000   0   0   0   523     0     08C1
710814WN01  0065000   0   0   05168482897492475378A1
710814WN01  0065001   01173   0     0     0     0B11
710814WN01  0065002   0   01022     0     0     07A1
710815WN01  0065000   0   0   0  1918     0     08B1
710819WN01  0065000   0   0   0   710     0     08C1
710821WN01  0065000   0   0 694     0     0     07A1
710821WN01  0065001   0   0   05168482897492475378A1
710821WN01  0065002   0 663   0     0     0     07B1
710822WN01  0065000   0   0   0  1692     0     08B1
710826WN01  0065000   0   0   0   829     0     08C1
710828WN01  0065000   0 438   0     0     0     07B1
710828WN01  0065001   0   0 914     0     0     07A1
710828WN01  0065002   0   0   05168482897492475378A1
710829WN01  0065000   0   0   0  1916     0     08B1
710902WN01  0065000   0   0   0   655     0     08C1
710904WN01  0065000   0   0   05186462909792482998A1
710904WN01  0065001   02847   0     0     0     07B1
710904WN01  0065002   0   01597     0     0     07A1
710909WN01  0065000   0   0   0   500     0     0   
710911WN01  0065000   0   0 817     0     0     07A1
710911WN01  0065001   0   0   05186462909792482998A1
710911WN01  0065002   0 546   0     0     0     07B1
710912WN01  0065000   0   0   0  1368     0     08B1
710916WN01  0065000   0   0   0   486     0     08C1
710918WN01  0065000   0   0   05186462909792482998A1
710918WN01  0065001   0 995   0     0     0     07AB
710918WN01  0065002   0   0 685     0     0     07A1
710925WN01  0065000   0   0   0   782     0     08C1
710925WN01  0065001   0   0   0  1734     0     08B1
710925WN01  0065002   0   0   05186462909792482998A1
710925WN01  0065003   01603   0     0     0     07B1
710925WN01  0065004   0   0 905     0     0     07A1
711002WNO1  0065000   0   0   0   584     0     08C1
711002WNO1  0065001   0   0   0  1426     0     08B1
711002WNO1  0065002   0   0   05134592895432493508A1
711002WNO1  0065003   0 962   0     0     0     07B1
711002WNO1  0065004   0   0 982     0     0     07A1
711009WNO1  0065000   0   0   0   366     0     08C1
711009WNO1  0065001   0   0   0  1696     0     08B1
711009WNO1  0065002   0   0   05134592895432493508A1
711009WNO1  0065003   0 543   0     0     0     07B1
711009WNO1  0065004   0   0 906     0     0     07A1
711023WNO1  0065000   0   0   0   702     0     08C1
711023WNO1  0065001   0   0   0  1611     0     08B1
711023WNO1  0065002   0   0   05134592895432493508A1
711023WNO1  0065003   0 634   0     0     0     07B1
711023WNO1  0065004   0   0 770     0     0     07AU
711211WN01  0065000   0   0   0   682     0     08C1
711211WN01  0065001   0   0   0  1473     0     08B1
711211WN01  0065002   0   0   05084112862072486148A1
711218WN01  0065000   0   0   0  2850     0     08B1
711218WN01  0065001   0   0   0  2524     0     08C1
711218WN01  0065002   0   0   05084112862072486148A1
711225WN01  0065000   0   0   0  1592     0     08C1
711225WN01  0065001   0   0   0  2241     0     08B1
711225WN01  0065002   0   0   05084112862072486148A1
720101WN01  0065000   0   0   0  2139     0     08C1
720101WN01  0065001   0   0   0  2673     0     08B1
720101WN01  0065002   0   0   05084112862072486148A1
720108WN01  0065000   0   0   0   810     0     08C1
720108WN01  0065001   0   0   0  1776     0     08B1
720108WN01  0065002   0   0   05081462837462487708A1
720122WN01  0065000   0   0   0   937     0     08C1
720122WN01  0065001   0   0   0  1353     0     08B1
720122WN01  0065002   0   0   05081462837242487708A1
720129WN01  0065000   0   0   0   923     0     08C1
720129WN01  0065001   0   0   0  1318     0     08B1
720129WN01  0065003   0   0   0     0     0     0   
720129WN01  0065004   0   0   05140172836802485578A1
720205WN01  0065000   0   0   0   594     0     08C1
720205WN01  0065001   0   0   0   940     0     08B1
720205WN01  0065002   0   0   05140172836802485578A1
720212WN01  0065000   0   0   05140172836802485578A1
720212WN01  0065001   0   0   0   916     0     08C1
720212WN01  0065002   0   0   0  1105     0     08B1
720219WN01  0065000   0   0   0   408     0     08B1
720219WN01  0065001   0   0   05140172836802485578A1
720219WN01  0065002   0   0   0   163     0     08C1
720226WN01  0065000   0   0   05140172836802485578A1
720226WN01  0065001   0   0   0   708     0     08B1
720226WN01  0065002   0   0   0   947     0     08C1
720304WN01  0065000   0   0   05223812839472463148A1
720304WN01  0065001   0   0   0  2488     0     08B1
720304WN01  0065002   0   0   0  1215     0     08C1
720311WN01  0065000   0   0   05223812839472463148A1
720311WN01  0065001   0   0   0  2592     0     08B1
720311WN01  0065002   0   0   0   907     0     08C1
720318WN01  0065000   0   0   05223812839472463148A1
720318WN01  0065001   0   0   0   864     0     08C1
720318WN01  0065002   0   0   0  3815     0     08B1
720325WN01  0065000   0   0   05229962839472463148A1
720325WN01  0065001   0   0   0  4570     0     08B1
720325WN01 C0065000   0   0   0   780     0     08B1
720401WN01  0065000   0   0   0  1116     0     08C1
720401WN01  0065001   0   0   0  4582     0     08B1
720401WN01  0065002   0   0   05239962834192440168A1
720408WN01  0065000   0   0   05329962834192440168A1
720408WN01  0065001   0   0   0  3063     0     08B1
720408WN01  0065002   0   0   0   950     0     08C1
720415WN01  0065000   0   0   0   889     0     08C1
720415WN01  0065001   0   0   05239962834192440168A1
720422WN01  0065000   0   0   05239962834192440168A1
720422WN01  0065001   0   0   0  2233     0     08B1
720422WN01  0065002   0   0   0  1345     0     08C1
720429WN01  0065000   0   0   05289212823592451008A1
720429WN01  0065001   0   0   0  2260     0     08B1
720429WN01  0065002   0   0   0   697     0     08C1
