700103WN01  0065000   0   0   0   919     0     08C 
700103WN01  0065001   0   0   0  6491     0     08B 
700103WN01  0065002   0   0   04915482575812103808A 
700103WN01  0065003   01684 745     0     0     07A 
700110WN01  0065000   0   0   0   979     0     08C 
700110WN01  0065001   0   0   0   861     0     08B 
700110WN01  0065002   0   0   04915482575812103808A 
700110WN01  0065003   01272 626     0     0     07A 
700117WN01  0065000   0   0   0   934     0     08C 
700117WN01  0065001   0   0   0  1053     0     08B 
700117WN01  0065002   0   0   04931012529272113178A 
700117WN01  0065003   04400 774     0     0     07A 
700124WN01  0065000   0   0   0   711     0     08C 
700124WN01  0065001   0   0   0   983     0     08B 
700124WN01  0065002   0   0   04931012529272113178A 
700124WN01  0065003   01984 658     0     0     07A 
700131WN01  0065000   0   0   0   754     0     08C 
700131WN01  0065001   0   0   0   588     0     08B 
700131WN01  0065002   0   0   04944182604552143838A 
700131WN01  0065003   01635 672     0     0     07A 
700207WN01  0065000   0   0   0   377     0     08C 
700207WN01  0065001   0   0   0   788     0     08B 
700207WN01  0065002   0   0   04944182604552143838A 
700207WN01  0065003   0 500   0     0     0     07A2
700207WN01  0065004   09913 815     0     0     07A1
700214WN01  0065000   0   0   0   805     0     08C 
700214WN01  0065001   0   0   0   185     0     08B 
700214WN01  0065002   0   0   04944182604552143838A 
700228WN01  0065000   0   0   0   799     0     08C 
700228WN01  0065001   0   0   0  1922     0     08B 
700228WN01  0065002   0   0   04965852640472189648A 
700228WN01  0065003   01125 573     0     0     07A1
700307WN01  0065000   0   0   0  1194     0     08C 
700307WN01  0065001   0   0   0  3944     0     08B 
700307WN01  0065002   0   0   04965852640472189648A1
700307WN01  0065003   020921032     0     0     07A1
700314WN01  0065000   0   0   0   500     0     08C 
700314WN01  0065001   0   0   0  4652     0     08B 
700314WN01  0065002   0   0   04965852640472189648A1
700314WN01  0065003   01585 851     0     0     07A1
700321WN01  0065000   0   0   0   797     0     08C 
700321WN01  0065001   0   0   0  3316     0     08B 
700321WN01  0065002   0   0   04965852640472189648A1
700321WN01  0065003   0 957 979     0     0     07A1
700328WN01  0065000   0   0   0   651     0     08C 
700328WN01  0065001   0   0   0  2622     0     08B 
700328WN01  0065002   0   0   04933732687452263038A1
700328WN01  0065003   091251159     0     0     07A1
700404WN01  0065000   0   0   0   760     0     08C 
700404WN01  0065001   0   0   0  2696     0     08B1
700404WN01  0065002   0   0   04933732687452263038A1
700404WN01  0065003   0 774 617     0     0     07A1
700411WN01  0065000   0   0   0  1054     0     08C 
700411WN01  0065001   0   0   0  2651     0     08B 
700411WN01  0065002   0   0   04933732687452263038A1
700411WN01  0065003   0 5991134     0     0     07A1
700418WN01  0065000   0   0   0   758     0     08C 
700418WN01  0065001   0   0   0  2764     0     08B 
700418WN01  0065002   0   0   04933732687452263038A1
700418WN01  0065003   01025 861     0     0     07A1
700425WN01  0065000   0   0   0   477     0     08C 
700425WN01  0065001   0   0   0  3493     0     08B 
700425WN01  0065002   0   0   05043342727942315028A1
700425WN01  0065003   01562 970     0     0     07A1
700516WN01  0065000   0   0   0   869     0     08C 
700516WN01  0065001   0   0   0  2467     0     08B 
700516WN01  0065002   0   0   05043342727942315028A1
700516WN01  0065003   024261131     0     0     07A1
700523WN01  0065000   0   0   0   792     0     08C 
700523WN01  0065001   0   0   0  2387     0     08B 
700523WN01  0065002   0   0   05043342727942315028A1
700523WN01  0065003   0 583 448     0     0     07A1
700530WN01  0065000   0   0   0   516     0     08C 
700530WN01  0065001   0   0   0  1537     0     08B 
700530WN01  0065002   0   0   05043342727942315028A1
700530WN01  0065003   0 697 375     0     0     07A1
700606WN01  0065000   0   0   0   575     0     08C 
700606WN01  0065001   0   0   0  1369     0     08B 
700606WN01  0065002   0   0   05090422733792337068A1
700606WN01  0065003   0 347 454     0     0     07A1
700613WN01  0065000   0   0   0   642     0     08C 
700613WN01  0065001   0   0   0  1751     0     08B 
700613WN01  0065002   0   0   05090422733792337068A1
700613WN01  0065003   0 895 516     0     0     07A1
700620WN01  0065000   0   0   0   381     0     08C 
700620WN01  0065001   0   0   0  1650     0     08B 
700620WN01  0065002   0   0   05090422733792337068A1
700620WN01  0065003   02650 675     0     0     07A1
700627W     0065000   0   0   0  1149     0     08C 
700627W     0065001   0   0   0  1783     0     08B 
700627W     0065002   0   0   05090422373792337068A 
700627W     0065003   01715 758     0     0     07A 
700711WN01  0065000   0   0   0   730     0     08C 
700711WN01  0065001   0   0   05094152749452345558A 
700711WN01  0065002   0 973   0     0     0     07B1
700711WN01  0065003   0   0 487     0     0     07A1
700718WN01  0065000   0   0   0   651     0     08C 
700718WN01  0065001   0   0   0  3344     0     08B 
700718WN01  0065002   0   0   05094152749452345558A 
700718WN01  0065003   01572   0     0     0     07B1
700718WN01  0065004   0   0 627     0     0     07A1
700719WN01  0065000   0   0   0  2533     0     08B 
700722WN01  0065000   0   0   0   714     0     08C 
700726WN01  0065000   0   0   05094152749452345558A1
700726WN01  0065001   0 923   0     0     0     07B1
700726WN01  0065002   0   0 969     0     0     07A1
700726WN01  0065003   0   0   0  1877     0     08B 
700730WN01  0065000   0   0   0   452     0     08C 
700802WN01  0065000   0   0   05080002757852345988A 
700802WN01  0065001   07617   0     0     0     07B1
700802WN01  0065002   0   0   0  2134     0     08B 
700806WN01  0065000   0   0   0   852     0     08C 
700809WN01  0065000   0   0   05080002757852345988A 
700809WN01  0065001   03673   0     0     0     07B1
700809WN01  0065002   0   0 647     0     0     07A1
700809WN01  0065003   0   0   0  1739     0     08B1
700813WN01  0065000   0   0   0   490     0     08CU
700816WN01  0065000   0   0   05080002757852345988A1
700816WN01  0065001   0   01391     0     0     07A1
700816WN01  0065002   0   0   0  2896     0     08B 
700820WN01  0065000   0   0   0   808     0     08C 
700823WN01  0065000   0   0   05080002757852345988A 
700823WN01  0065001   03394   0     0     0     07B1
700823WN01  0065002   0   0 844     0     0     07A1
700823WN01  0065003   0   0   0  1968     0     0   
700827WN01  0065000   0   0   0   483     0     0   
700830WN01  0065000   0   0   05080002757852345988A 
700830WN01  0065001   01354   0     0     0     07B 
700830WN01  0065002   0   0 760     0     0     07A 
700830WN01  0065003   0   0   0  1756     0     08B 
700903WN01  0065000   0   0   0   535     0     08C 
700906WN01  0065000   0   0   05071472779822436638A 
700906WN01  0065001   0 596   0     0     0     07B 
700906WN01  0065002   0   0 482     0     0     07A 
700906WN01  0065003   0   0   0  2102     0     08B 
700910WN01  0065000   0   0   0   532     0     08C 
700913WN01  0065000   0   0   05071472779822436638A 
700913WN01  0065001   0 711   0     0     0     07B 
700913WN01  0065002   0   0 820     0     0     07A 
700913WN01  0065003   0   0   0  1498     0     08B 
700917WN01  0065000   0   0   0   817     0     08C 
700920WN01  0065000   0   0   05071472779822436638A 
700920WN01  0065001   0 177   0     0     0     07B 
700920WN01  0065002   0   0 765     0     0     07A 
700924WN01  0065000   0   0   0   878     0     08C 
700927WN01  0065000   0   0   0   754     0     08C 
700927WN01  0065001   0   0   0  2386     0     08B 
700927WN01  0065002   0   0   05071472779822436638A 
700927WN01  0065003   0 586   0     0     0     07B 
700927WN01  0065004   0   0 916     0     0     07A 
701004WN01  0065000   0   0   05094792788552485918A 
701004WN01  0065001   0 568   0     0     0     07B1
701004WN01  0065002   0   0   0  1496     0     08B 
701008W     0065000   0   0   0   583     0     08C 
701010WN01  0065000   0   0   05094792798852485918A 
701010WN01  0065001   0 191   0     0     0     07B1
701010WN01  0065002   0   0  64     0     0     07A1
701011WN01  0065000   0   0   0  2259     0     08B 
701015WN01  0065000   0   0   0   717     0     08C 
701017WN01  0065000   0   0   05094792788552485918A 
701017WN01  0065001   0   0 713     0     0     07A 
701017WN01  0065002   02225   0     0     0     07B 
701018WN01  0065000   0   0   0  1991     0     08B 
701024WN01  0065000   0   01052     0     0     07A 
701024WN01  0065001   0 261   0     0     0     07B 
701024WN01  0065002   0   0   05094792788552485918A 
701025WN01  0065000   0   0   0  1748     0     08B 
701027WN01  0065000   0   0   0  1097     0     08C 
701029WN01  0065000   0   0   0   582     0     08C 
701031WN01  0065000   0   0   05061302807262476768A 
701031WN01  0065001   01198   0     0     0     07B1
701031WN01  0065002   0   0 469     0     0     07A1
701107WN01  0065000   02317   0     0     0     07B1
701107WN01  0065001   0   01148     0     0     07A1
701108WN01  0065000   0   0   0  1648     0     08B 
701112WN01  0065000   0   0   0   853     0     08C 
701114WN01  0065000   0   0   05061302807262476768A 
701114WN01  0065001   01603   0     0     0     07B1
701114WN01  0065002   0   0 714     0     0     07A1
701121WN01  0065000   01796   0     0     0     07B1
701121WN01  0065001   0   0 688     0     0     07A1
701122WN01  0065000   0   0   0  1521     0     08B 
701126WN01  0065000   0   0   0   816     0     08C 
701128WN01  0065000   0   0   05061302807262476768A 
701128WN01  0065001   01452   0     0     0     07B1
701128WN01  0065002   0   0 551     0     0     07A1
701129WN01  0065000   0   0   0  1968     0     08B1
701203WN01  0065000   0   0   0   582     0     08C1
701205WN07  0065000   0   0 586     0     0     0A1 
701205WN07  0065001   0   0   05045692793342484328A1
701205WN07  0065002   0 908   0     0     0     0B1 
701206WN01  0065000   0   0   0  1230     0     08B1
701210WN01  0065000   0   0   0   567     0     08C1
701212WN01  0065000   01063   0     0     0     07B1
701212WN01  0065001   0   0 809     0     0     07A1
701212WN01  0065002   0   0   05045692793342484328A1
701213WN01  0065000   0   0   0  1644     0     08B1
701217WN01  0065000   0   0   0  1070     0     08C1
701219WN01  0065000   0   0   05045692793342484328A1
701219WN01  0065001   01971   0     0     0     07B1
701219WN01  0065002   0   0 889     0     0     07A1
701226WN01  0065000   02358   0     0     0     07B1
701226WN01  0065001   0   0 735     0     0     07A1
701228WN01  0065000   0   0   0  1005     0     08B1
701231WN01  0065000   0   0   0   936     0     08C1
