690705WN01  0065000   0   0   0     0     0     05A2
690705WN01  0065001   0   0   04448772485401762298A 
690705WN01  0065002   01508 970     0     0     07A 
690705WN01  0065003   0   0   0     0     0     0B  
690705WN01  0065004   0   0   0  1302     0     08C 
690705WN01  0065005   0   0   0  2442     0     08B 
690712WN01  0065000   0   0   0  1638     0     08C 
690712WN01  0065001   0   0   0  3859     0     08B 
690712WN01110065000   0   0   04487332485401754568A 
690712WN01110065001   01219 554     0     0     07A 
690719WN01  0065000   0   0   0     0     0     05A2
690719WN01  0065001   0   0   04487332505891754568A 
690719WN01  0065002   02521 586     0     0     07A 
690719WN01  0065003   0   0   0   682     0     08C 
690719WN01  0065004   0   0   0  2616     0     08B 
690726WN01  0065000   01213 752     0     0     07A 
690726WN01  0065001   0   0   04511622495531751188A 
690726WN01  0065002   0   0   0  1283     0     08C 
690726WN01  0065003   0   0   0  3114     0     08B 
690802WN01  0065000   0   0   04511622495531751188A 
690802WN01  0065001   01649 637     0     0     07A 
690802WN01  0065002   0   0   0  1097     0     08C 
690802WN01  0065003   0   0   0  2569     0     08B 
690809WN01  0065000   0   0   04563062536641787568A 
690809WN01  0065001   03226 907     0     0     07A 
690809WN01  0065002   0   0   0  1721     0     08C 
690809WN01  0065003   0   0   0  2113     0     08B 
690816WN01  0065000   0   0   04563062536641787568A1
690816WN01  0065001   01103 603     0     0     07A1
690816WN01  0065002   0   0   0  1198     0     08C 
690816WN01  0065003   0   0   0  2046     0     08B 
690823WN01  0065000   0   0   04554812536641863658A1
690823WN01  0065001   01783 616     0     0     07A1
690823WN01  0065002   0   0   0     0   800     08C 
690823WN01  0065003   0   0   0     0  2834     08B 
690830WN01  0065000   0   0   04554812520571863658A1
690830WN01  0065001   02645 583     0     0     07A1
690830WN01  0065002   0   0   0     0   800     08C 
690830WN01  0065003   0   0   0     0  2269     08B 
690906WN01  0065000   0   0   04554812520571863658A1
690906WN01  0065001   01333 478     0     0     07A1
690906WN01  0065002   0   0   0  1959     0     08B 
690906WN01  0065003   0   0   0   965     0     08C 
690913WN01  0065000   0   0   04607092545851928458A1
690913WN01  0065001   083731083     0     0     07A1
690913WN01  0065002   0   0   0     0     0     0CBI
690913WN01  0065003   0   0   0  1231     0     08C 
690913WN01  0065004   0   0   0  2745     0     08B 
690920WN01  0065000   0   0   0     0     0     08A1
690920WN01  0065001   02338 880     0     0     07A1
690920WN01  0065002   0   0   0  1095     0     08C 
690920WN01  0065003   0   0   0  2415     0     08B 
690927WN01  0065000   0   0   04628622535822001698A1
690927WN01  0065001   03486 701     0     0     07A1
690927WN01  0065002   0   0   0  1095     0     08C 
690927WN01  0065003   0   0   0  2723     0     08B 
691004WN01  0065000   0   0   04628622535822001698A1
691004WN01  0065001   06242 855     0     0     07A1
691004WN01  0065002   0   0   0   836     0     08C 
691004WN01  0065003   0   0   0  2841     0     08B 
691011WN01  0065000   0   0   04689402563152030478A 
691011WN01  0065001   0 574 440     0     0     07A 
691011WN01  0065002   0   0   0  1854     0     08B 
691011WN01  0065003   0   0   0  1402     0     08C 
691018WN01  0065000   0   0   04689402563152030478A1
691018WN01  0065001   02967 755     0     0     07A1
691018WN01  0065002   0   0   0  1177     0     08C 
691018WN01  0065003   0   0   0  4210     0     08B 
691025WN01  0065000   0   0   0  1611     0     08C 
691025WN01  0065001   0   0   0  3079     0     08B 
691025WN01  0065002   03143 763     0     0     07A 
691025WN01  0065003   0   0   04678852563152069988A 
691101WN01  0065000   0   0   0  1117     0     08C1
691101WN01  0065001   0   0   04878852548002069988A1
691101WN01  0065002   03148 716     0     0     07A1
691101WN01  0065003   0   0   0  2438     0     08B1
691108WN01  0065000   0 480 535     0     0     07A1
691108WN01  0065001   0   0   04777762548002076118A1
691108WN01  0065002   0   0   0  3533     0     08B1
691108WN01  0065003   0   0   0   649     0     08C1
691115WN01  0065000   0   0   0   899     0     08C 
691115WN01  0065001   0   0   0  2987     0     08B 
691115WN01  0065002   0   0   04777762574362076118A 
691115WN01  0065003   01471 671     0     0     07A1
691122WN01  0065000   0   0   0  1225     0     08C 
691122WN01  0065001   0   0   0  2052     0     08B 
691122WN01  0065002   0   0   04777762574362076118A 
691122WN01  0065003   0 639 723     0     0     07A1
691129WN01  0065000   0   0   0   984     0     08C 
691129WN01  0065001   0   0   0  2073     0     08B 
691129WN01  0065002   0   0   04817332538922065458A 
691129WN01  0065003   0 854 692     0     0     07A1
691206WN01  0065000   0   0   0  1274     0     08C 
691206WN01  0065001   0   0   0  2568     0     08B 
691206WN01  0065002   0   0   04817332538922065458A 
691206WN01  0065003   0 807 360     0     0     07A1
691213WN01  0065000   0   0   0   997     0     08C 
691213WN01  0065001   0   0   0  1648     0     08B 
691213WN01  0065002   0   0   04849552567322096338A 
691213WN01  0065003   01539 705     0     0     07A1
691220WN01  0065000   0   0   0   448     0     08C 
691220WN01  0065001   0   0   0  2003     0     08B 
691220WN01  0065002   0   0   04849552567322096338A 
691220WN01  0065003   01437 693     0     0     07A 
691227WN01  0065000   0   0   0   666     0     08C 
691227WN01  0065001   0   0   0  1832     0     08B 
691227WN01  0065002   0   0   04849552567322096338A 
691227WN01  0065003   01153 789     0     0     07A 
690104W005  0065000   03835 733     0     0     07A1
690104W005  0065001   0   0   04296632179111730438A1
690104W005  0065002   0   0   0   737     0     08B1
690104W005  0065003   0   0   0  1909     0     08C1
690111W001  0065000   01640 600     0     0     07A1
690111W001  0065001   0   0   04304202179111723118A1
690111W001  0065002   0   0   0   795     0     08B1
690111W001  0065003   0   0   0  1701     0     08C1
690118W002  0065000   02467 514     0     0     07A1
690118W002  0065001   0   0   04304202179111723118A1
690118W002  0065002   0   0   0   736     0     08B1
690118W002  0065003   0   0   0  1186     0     08C1
690125W003  0065000   01925 526     0     0     07A1
690125W003  0065001   0   0   04269112179111725368A1
690125W003  0065002   0   0   0   464     0     08B1
690125W003  0065003   0   0   0  1064     0     08C1
690201W004  0065000   0   0   0  1041     0     0N8B
690201W004  0065001   0   0   0426911219762172536N8A
690201W004  0065002   02518 832     0     0     0N7A
690208W001  0065000   01503 594     0     0     0N7A
690208W001  0065001   0   0   0428087219762172536N8A
690208W001  0065002   0   0   0  1019     0     0N8C
690208W001  0065003   0   0   0  1429     0     0N8B
690215W002  0065000   0   0   0     0     0     0N8C
690215W002  0065001   0   0   0     0     0     0N8B
690215W002  0065002   0   0   0428087221020173219N8A
690215W002  0065003   02966 614     0     0     0N7A
690301W004  0065000   0   0   0   733     0     0N8B
690301W004  0065001   0   0   0429073221320173219N8A
690301W004  0065002   01332 667     0     0     0N7A
690301W004  0065003   0   0   0  1265     0     08C1
690308W001  0065000   0   0   0  1060     0     0N8C
690308W001  0065001   0   0   0  1749     0     0N8B
690308W001  0065002   0   0   0429073220865174466N8A
690308W001  0065003   0 661 834     0     0     0N7A
690315W002  0065000   0 816 716     0     0     0N7A
690315W002  0065001   0   0   0  1338     0     0N8B
690315W002  0065002   0   0   0434000220862174466N8A
690315W002  0065003   0   0   0  1118     0     0N8C
690322W003  0065000   0   0   0  1311     0     0N8C
690322W003  0065001   0   0   0  2113     0     0N8B
690322W003  0065002   0   0   0434000220865174666N8A
690322W003  0065003   01274 656     0     0     0N7A
690329W004  0065000   03047 821     0     0     0N7A
690329W004  0065001   0   0   0  1311     0     0N8C
690329W004  0065002   0   0   0  2113     0     0N8B
690329W004  0065003   0   0   0431347228488174673N8A
690405W001  0065000   037301153     0     0     0N7A
690405W001  0065001   0   0   0431347228488174673N8A
690405W001  0065002   0   0   0  3357     0     0N8B
690405W001  0065003   0   0   0  1156     0     0N8C
690412W002  0065000   043961129     0     0     0N7A
690412W002  0065001   0   0   0433127 23327174615N8A
690412W002  0065002   0   0   0     0     0     0N8C
690412W002  0065003   0   0   0     0     0     0N8B
690426WN01  0065000   0   0   0  1456     0     08C 
690426WN01  0065001   0   0   0  1768     0     08B 
690426WN01  0065002   0   0   04324502335271743678A 
690426WN01  0065003   0 9712055     0     0     07A1
690503WN01  0065000   09900 995     0     0     07A 
690503WN01  0065001   02300   0     0     0     07B 
690503WN01  0065002   0   0   04324502378141743678A 
690503WN01  0065003   0   0   0   883     0     08C 
690503WN01  0065004   0   0   0  1897     0     08B 
690503WN01  0065005   02395   0     0     0     07A2
690503WN01  0065006   09900 995     0     0     07A1
690510WN01  0065000   0   0   04370582441571735648A 
690510WN01  0065001   01998 686     0     0     07A 
690517WN01  0065000   0   0   04370582441591734658A 
690517WN01  0065001   0 960 594     0     0     07A 
690524WN01  0065000   01103 667     0     0     07A 
690524WN01  0065001   0   0   04369252441591749278A 
690531WN01  0065000   0   0   04369252448401749278A 
690531WN01  0065001   0 563 946     0     0     07A1
690531WN01  0065002   0   0   0  1788     0     08C 
690531WN01  0065003   0   0   0  2215     0     08B 
690607WN01  0065000   0   0   04369252448401749278A 
690607WN01  0065001   01425 596     0     0     07A 
690607WN01  0065002   0   0   0   861     0     08C 
690607WN01  0065003   0   0   0  1276     0     08B 
690614WN01  0065000   0   0   04384452448401747688A 
690614WN01  0065001   01916 731     0     0     07A 
690614WN01  0065002   0   0   0  1298     0     08C 
690614WN01  0065003   0   0   0  1493     0     08B 
690621WN01  0065000   01484 742     0     0     07A 
690621WN01  0065001   0   0   04384452485221747688A 
690621WN01  0065002   0   0   0  1754     0     08C 
690621WN01  0065003   0   0   0  2233     0     08B 
690628WN01  0065000   0   0   04448772485221762298A 
690628WN01  0065001   0   0   0     0     0     0B  
690628WN01  0065002   0   0   0  1457     0     08C 
690628WN01  0065003   0   0   0  2959     0     08B 
