700103WN01  0075000   0  21   4  31   01A1WDE
700103WN01  0075001   0   4   0   0   01B1MDE
700103WN01  0075002   0  55  16  75   81A2WEE
700103WN01  0075003   0   1   6   0   02A1KDE
700103WN01  0075004   0   1   0   0   01D2NEE
700103WN01  0075005   0   0   0   1   01D1NDE
700103WN01  0075006   0   0   0   2   01C2JEE
700103WN01  0075007   0 143 225 189 3145A2EDA
700103WN01  0075008   0 383  95 697   05A1EDF
700103WN01  0075009   0   0   0   1   04D2AHE
700103WN01  0075010   0   3   6  19  234D1AGE
700103WN01  0075011   0   0   1   1   13C3YFE
700103WN01  0075012   0  14   2  37  413C2YEE
700103WN01  0075013   0   2   8   5  293C1YDE
700103WN01  0075014   0   0   0   1   63B31FE
700103WN01  0075015   0  19  51  54 1523B21EE
700103WN01  0075016   0   5  15  16  323B11DE
700103WN01  0075017   0  80  12 140  703A2AEE
700103WN01  0075018   0  22   7  53   83A1ADE
700103WN01  0075019   0   0   0  10   02C2TEE
700103WN01  0075020   0   0   0   3   02C1TDE
700103WN01  0075021   0   0   0   1   02B2SEE
700103WN01  0075022   0   0   6   0   02A2KEE
700103WN01  0075023   0  31   0  38  39CC6AT 
700103WN01  0075024   0   0  71  79  17CC5AS 
700103WN01  0075025   0   7  27  43  19CC4AR 
700103WN01  0075026   0  12   7  20   4CC3AQ 
700103WN01  0075027   0  26  70  15   0CC2AP 
700103WN01  0075028   0 176  42 211 229CC1AO 
700103WN01  0075029   0   4   0   0   0CB6OT 
700103WN01  0075030   0   0  76   7   0CB5OS 
700103WN01  0075031   0   0   7  14   0CB2OP 
700103WN01  0075032   0  24  43  42   0CB1OO 
700103WN01  0075033   0  35   0   0   0CA6UT 
700103WN01  0075034   0   0  36   0   0CA5US 
700103WN01  0075035   0   2   0   0   0CA4UR 
700103WN01  0075036   0   7   0   0   0CA3UQ 
700103WN01  0075037   0   3  35  45   0CA2UP 
700103WN01  0075038   0 212  48 228   0CA1UO 
700103WN01  0075039   0  36  31  58  44BA4AN 
700103WN01  0075040   0   4  18   9   0BA3ON 
700103WN01  0075041   0  12   0   0   0BA2MN 
700103WN01  0075042   0  25  17  39   0BA1WN 
700103WN01  0075043   0  18  56  43  106B EHB
700103WN01  0075044   0 149 182 331  876A EGB
700103WN01  0075045   0   6   1  19  225B2EKB
700103WN01  0075046   0  82  12  56 1075B1EJB
700103WN01  0075047   0  66  14  79 1795A3EIB
700110WN01  0075000   0  26  14  27   11A1WDE
700110WN01  0075001   0   4   0   0   11A3WFE
700110WN01  0075002   0  49  79  87   71A2WEE
700110WN01  0075003   0   1   0   0   01D1NDE
700110WN01  0075004   0   0   2   0   01C2JEE
700110WN01  0075005   0   2   0   0   01C1JDE
700110WN01  0075006   0  25   0   0   01B1MDE
700110WN01  0075007   0  30  20  10  463A1ADE
700110WN01  0075008   0   0   0   3   02C2TEE
700110WN01  0075009   0   0   0   1   02C1TDE
700110WN01  0075010   0   2   0   3   02B2SEE
700110WN01  0075011   0   0  31   0   02A2KEE
700110WN01  0075012   0   0  15   0   02A1KDE
700110WN01  0075013   0   0   0   0   11D3NFE
700110WN01  0075014   0   4   0   0   11D2NEE
700110WN01  0075015   0   7  11   4  364D1AGE
700110WN01  0075016   0   0   1   3   53C3YFE
700110WN01  0075017   0  24  33  21  693C2YEE
700110WN01  0075018   0  11  20   6  313C1YDE
700110WN01  0075019   0   0   1   1   03B31FE
700110WN01  0075020   0  49  73  53 1633B21EE
700110WN01  0075021   0  27  28  21  303B11DE
700110WN01  0075022   0   3   0   0   03A3AFE
700110WN01  0075023   0 116  50  61 3873A2AEE
700110WN01  0075024   0  36  31  55  47BA4AN 
700110WN01  0075025   0   4  18   9   0BA3ON 
700110WN01  0075026   0  12   0   0   0BA2MN 
700110WN01  0075027   0  25  17  39   0BA1WN 
700110WN01  0075028   0  36   8  35  156B EHB
700110WN01  0075029   0 213  92 253  996A EGB
700110WN01  0075030   0  11   1  11  195B2EKB
700110WN01  0075031   0  87  18  28  835B1EJB
700110WN01  0075032   0  66  19  69 2075A3EIB
700110WN01  0075033   0 301 101 169 5135A2EDA
700110WN01  0075034   0 494  99 783   05A1EDF
700110WN01  0075035   0   0   1   0   04D2AHE
700110WN01  0075036   0 246  38 266   0CA1UO 
700110WN01  0075037   0  28  56  49   0CB1OO 
700110WN01  0075038   0   0  56   0   0CA5US 
700110WN01  0075039   0   7   0   0   0CA3UQ 
700110WN01  0075040   0   6  25   7   0CA2UP 
700110WN01  0075041   0   0  71  78  13CC5AS 
700110WN01  0075042   0   7  27  18  19CC4AR 
700110WN01  0075043   0   8   7  14   8CC3AQ 
700110WN01  0075044   0  19  60  14   0CC2AP 
700110WN01  0075045   0 218  52 261 289CC1AO 
700110WN01  0075046   0   0  70   7   0CB5OS 
700110WN01  0075047   0   0   0   7   0CB2OP 
700117WN01  0075000   0  22   5  14   31A1WDE
700117WN01  0075001   0   1   0   0   01C1JDE
700117WN01  0075002   0  14   0   0   01B1MDE
700117WN01  0075003   0   1   0   0   01A3WFE
700117WN01  0075004   0  78  26  90   41A2WEE
700117WN01  0075005   0  10   1   7  223A1ADE
700117WN01  0075006   0   0   0   1   02D1HDE
700117WN01  0075007   0   0   0   1   02C1TDE
700117WN01  0075008   0   1   0   1   02B2SEE
700117WN01  0075009   0   2  15   0   02A2KEE
700117WN01  0075010   0   3  11   0   02A1KDE
700117WN01  0075011   0   2   0   0   01D1NDE
700117WN01  0075012   0  66  38  58 2093A2AEE
700117WN01  0075013   0   6  11   5  313B11DE
700117WN01  0075014   0   0   0   1   03A3AFE
700117WN01  0075015   0   0  58  77  12CC5US 
700117WN01  0075016   0   7  20  26  12CC4AR 
700117WN01  0075017   0  13   7  14  14CC3AQ 
700117WN01  0075018   0  17  68  14   0CC2AP 
700117WN01  0075019   0 215  64 254 291CC1AO 
700117WN01  0075020   0   0  61   7   0CB5OS 
700117WN01  0075021   0   0  21   7   0CB2OP 
700117WN01  0075022   0  28  44  49   0CB1OO 
700117WN01  0075023   0   0  43   0   0CA5US 
700117WN01  0075024   0   6   0   0   0CA3UQ 
700117WN01  0075025   0   1  23   7   0CA2UP 
700117WN01  0075026   0 252  53 266   0CA1UO 
700117WN01  0075027   0  36  31  55  47BA4AN 
700117WN01  0075028   0   4  18   9   0BA3ON 
700117WN01  0075029   0  12   0   0   0BA2MN 
700117WN01  0075030   0  25  17  39   0BA1WN 
700117WN01  0075031   0  21   9  34  146B EHB
700117WN01  0075032   0 210  93 313 1426A EGB
700117WN01  0075033   0   8   3  14  145B2EKB
700117WN01  0075034   0  48  18  36  785B1EJB
700117WN01  0075035   0  56  12  67 1735A3EIB
700117WN01  0075036   0 148  32 126 4045A2EDA
700117WN01  0075037   0 443 130 489   05A1EDF
700117WN01  0075038   0   0   0   0   14D2AHE
700117WN01  0075039   0   0   1   5  124D1AGE
700117WN01  0075040   0   0   0   1   33C3YFE
700117WN01  0075041   0   9  27  17  883C2YEE
700117WN01  0075042   0   4  13   2  393C1YDE
700117WN01  0075043   0   0   0   0   13B31FE
700117WN01  0075044   0  10  37  31 2043B21EE
700124WN01  0075000   0  13  20  31   11A1WDE
700124WN01  0075001   0   5   0   0   01B1MDE
700124WN01  0075002   0  33  27  93   91A2WEE
700124WN01  0075003   0  36  31  55  47BA4AN 
700124WN01  0075004   0   0   0   7   0CB5OS 
700124WN01  0075005   0   0 101   7   0CB2OP 
700124WN01  0075006   0  28  25  49   0CB1OO 
700124WN01  0075007   0   0   4   0   0CA6UT 
700124WN01  0075008   0   4  28   0   0CA5US 
700124WN01  0075009   0   4   0   0   0CA3UQ 
700124WN01  0075010   0   1  28   7   0CA2UP 
700124WN01  0075011   0 250  59 266   0CA1UO 
700124WN01  0075012   0   0  52  77   8CC5AS 
700124WN01  0075013   0   7  34  28  19CC4AR 
700124WN01  0075014   0  14   7  18  10CC3AQ 
700124WN01  0075015   0  22  59  14   0CC2AP 
700124WN01  0075016   0 209  65 248 292CC1AO 
700124WN01  0075017   0   4  18   9   0BA3ON 
700124WN01  0075018   0  12   0   0   0BA2MN 
700124WN01  0075019   0  25  17  39   0BA1WN 
700124WN01  0075020   0   1   0   0   01B2MEE
700124WN01  0075021   0   1   3   1   02A1KDE
700124WN01  0075022   0   1   0   0   01D1NDE
700124WN01  0075023   0   2   0   1   01C2JEE
700124WN01  0075024   0   1   0   0   01B3MFE
700124WN01  0075025   0  35  45  73 2183B21EE
700124WN01  0075026   0   1  10   1   02A2KEE
700124WN01  0075027   0   0   0   5   02C1TDE
700124WN01  0075028   0   0   1   1   02B2SEE
700124WN01  0075029   0  14  20   7  483B11DE
700124WN01  0075030   0  53  34 137 2553A2AEE
700124WN01  0075031   0  15  12  28  403A1ADE
700124WN01  0075032   0   0   0   3   02C2TEE
700124WN01  0075033   0   8  24  38  386B EHB
700124WN01  0075034   0 165 106 293 2316A EGB
700124WN01  0075035   0   4   0  25  205B2EKB
700124WN01  0075036   0  63  25  22  765B1EJB
700124WN01  0075037   0  70  11  64 1825A3EIB
700124WN01  0075038   0 127  63 154 6405A2EDA
700124WN01  0075039   0 353 109 616   05A1EDF
700124WN01  0075040   0   0  17   1  264D1AGE
700124WN01  0075041   0   0   0   1   23C3YFE
700124WN01  0075042   0   0   0   0   13B31FE
700124WN01  0075043   0   9  18  14 1173C2YEE
700124WN01  0075044   0   9   7   2  323C1YDE
700131WN01  0075000   0  25   4  31   21A1WDE
700131WN01  0075001   0   1   0   2   01A3WFE
700131WN01  0075002   0  53  29  86   01A2WEE
700131WN01  0075003   0   3   0   0   01D2NEE
700131WN01  0075004   0   3   0   0   01D1NDE
700131WN01  0075005   0   1   0   0   01B2MEE
700131WN01  0075006   0  11   0   0   01B1MDE
700131WN01  0075007   0   0   1   0   04A1WGE
700131WN01  0075008   0   0   0   0  253C3YFE
700131WN01  0075009   0  27   4  19  763C2YEE
700131WN01  0075010   0   3   1   5  413C1YDE
700131WN01  0075011   0   0   0   0   63B31FE
700131WN01  0075012   0   2  30  86 1813B21EE
700131WN01  0075013   0   1  10   9  513B11DE
700131WN01  0075014   0   0   1   0   03A3AFE
700131WN01  0075015   0  65   9 128 1933A2AEE
700131WN01  0075016   0  19   8  47  333A1ADE
700131WN01  0075017   0   0   0   3   02D2HEE
700131WN01  0075018   0   0   0   2   02C2TEE
700131WN01  0075019   0   0   0   9   02B2SEE
700131WN01  0075020   0   0   0   2   02B1SDE
700131WN01  0075021   0   2  23   0   02A2KEE
700131WN01  0075022   0   5  16   0   02A1KDE
700131WN01  0075023   0   0  58  77   7CC5AS 
700131WN01  0075024   0   7  23  32  13CC4AR 
700131WN01  0075025   0  14   7  10   7CC3AQ 
700131WN01  0075026   0  26  59  14   0CC2AP 
700131WN01  0075027   0 205  70 252 302CC1AO 
700131WN01  0075028   0   0   0   7   0CB5OS 
700131WN01  0075029   0   0  64   7   0CB2OP 
700131WN01  0075030   0  28  62  49   0CB1OO 
700131WN01  0075031   0   0  28   0   0CA5US 
700131WN01  0075032   0   0  28   7   0CA2UP 
700131WN01  0075033   0 259  63 266   0CA1UO 
700131WN01  0075034   0  36  31  55  47BA4AN 
700131WN01  0075035   0   4  18   9   0BA3ON 
700131WN01  0075036   0  12   0   0   0BA2MN 
700131WN01  0075037   0  25  17  39   0BA1WN 
700131WN01  0075038   0  35  18  36  346B EHB
700131WN01  0075039   0 222 126 424 2316A EGB
700131WN01  0075040   0   1   3  15  115B2EKB
700131WN01  0075041   0  45  30  35  515B1EJB
700131WN01  0075042   0  65  12  64 1245A3EIB
700131WN01  0075043   0 357  55 117 4455A2EDA
700131WN01  0075044   0 446 203 393   05A1EDF
700131WN01  0075045   0   0   2   0   14D2AHE
700131WN01  0075046   0   0   9   3  524D1AGE
700207WN01  0075000   0  34  10  23   01A1WDE
700207WN01  0075001   0   4   0   0   01A3WFE
700207WN01  0075002   0  67  28  91   31A2WEE
700207WN01  0075003   0   1   0   0   01D2NEE
700207WN01  0075004   0   1   0   0   01D1NDE
700207WN01  0075005   0   1   0   0   01B2MEE
700207WN01  0075006   0  18   0   0   01B1MDE
700207WN01  0075007   0 439 159 578   05A1EDF
700207WN01  0075008   0   0   1   0   04D2AHE
700207WN01  0075009   0   0  17   0  104D1AGE
700207WN01  0075010   0   0   2   0   03C3YFE
700207WN01  0075011   0  22  36  14  313C2YEE
700207WN01  0075012   0  12  16   4  193C1YDE
700207WN01  0075013   0   0   0   0   13B31FE
700207WN01  0075014   0  10  41  47 1023B21EE
700207WN01  0075015   0   1  24  10  133B11DE
700207WN01  0075016   0  40  19  53 2213A2AEE
700207WN01  0075017   0  12   3  12  463A1ADE
700207WN01  0075018   0   0   0   4   02C2TEE
700207WN01  0075019   0   0   0   1   02C1TDE
700207WN01  0075020   0   0   0   5   02B2SEE
700207WN01  0075021   0  12  12   0   02A2KEE
700207WN01  0075022   0   4   3   0   02A1KDE
700207WN01  0075023   0   0   7   0   0CC6AT 
700207WN01  0075024   0   0  45  77   7CC5AS 
700207WN01  0075025   0   7  19  24  13CC4AR 
700207WN01  0075026   0  14   1   7   7CC3AQ 
700207WN01  0075027   0  27  69  14   0CC2AP 
700207WN01  0075028   0 204  76 263 302CC1AO 
700207WN01  0075029   0   0   0   7   0CB5OS 
700207WN01  0075030   0   4 101  14   0CB2OP 
700207WN01  0075031   0  24  25  42   0CB1OO 
700207WN01  0075032   0   0  24   0   0CA5US 
700207WN01  0075033   0  37  35  45   0CA2UP 
700207WN01  0075034   0 222  60 228   0CA1UO 
700207WN01  0075035   0  36  31  55  47BA4AN 
700207WN01  0075036   0   4  18   9   0BA3ON 
700207WN01  0075037   0  12   0   0   0BA2MN 
700207WN01  0075038   0  25  17  39   0BA1WN 
700207WN01  0075039   0  25  11  61  256B1EHB
700207WN01  0075040   0 198 1162685 1376A1EGB
700207WN01  0075041   0   0   9   5   05B2EKB
700207WN01  0075042   0  38   2  13  275B1EJB
700207WN01  0075043   0  29  10  25  565A3EIB
700207WN01  0075044   0 287  57 159 4645A2EDA
700214WN01  0075000   0  23   6  20   51A1WDE
700214WN01  0075001   0   0  60  77   7CC5AS 
700214WN01  0075002   0   7  24  27  14CC4AR 
700214WN01  0075003   0  14   0   7   7CC3AQ 
700214WN01  0075004   0  26  62  14   0CC2AP 
700214WN01  0075005   0 205  71 260 301CC1AO 
700214WN01  0075006   0   0   0   7   0CB5OS 
700214WN01  0075007   0   0 111   7   0CB2OP 
700214WN01  0075008   0  28  15  49   0CB1OO 
700214WN01  0075009   0   0  21   0   0CA5US 
700214WN01  0075010   0   0  21   7   0CA2UP 
700214WN01  0075011   0 259  77 266   0CA1UO 
700214WN01  0075012   0  36  31  55  47BA4AN 
700214WN01  0075013   0   4  18   9   0BA3ON 
700214WN01  0075014   0  12   0   0   0BA2MN 
700214WN01  0075015   0  25  17  39   0BA1WN 
700214WN01  0075016   0  19  11  17  396B EHB
700214WN01  0075017   0 214 133 284 1686A EGB
700214WN01  0075018   0 322  71 202 6345A2EDA
700214WN01  0075019   0 391  95 451   05A1EDF
700214WN01  0075020   0   0   1   0   04D2AHE
700214WN01  0075021   0   6   9   1   94D1AGE
700214WN01  0075022   0   0   5   0   03C3YFE
700214WN01  0075023   0  23  24  16  473C2YEE
700214WN01  0075024   0   6  11   6  133C1YDE
700214WN01  0075025   0   0   0   0   53B31FE
700214WN01  0075026   0  12  26  80 1083B21EE
700214WN01  0075027   0   3   7  17  243B11DE
700214WN01  0075028   0 116  57  66 3103A2AEE
700214WN01  0075029   0  23  16   5  373A1ADE
700214WN01  0075030   0   0   0   1   02C2TEE
700214WN01  0075031   0   0   0  17   02B2SEE
700214WN01  0075032   0   1   8   0   02A2KEE
700214WN01  0075033   0   0   3   0   02A1KDE
700214WN01  0075034   0   1   0   0   01B2MEE
700214WN01  0075035   0  23   0   0   01B1MDE
700214WN01  0075036   0   0   0   1   21A3WFE
700214WN01  0075037   0  49  25  63  101A2WEE
700214WN01  0075038   0   1   0   0   01D2NEE
700214WN01  0075039   0   6   0   0   01D1NDE
700214WN01  0075040   0   2   0   0   01B3MFE
700214WN01  0075041   0   2  13  28  195B2EKB
700214WN01  0075042   0  35  26  36  945B1EJB
700214WN01  0075043   0  39  32  81 2235A3EIB
700228WN01  0075000   0  27  12  35  101A1WDE
700228WN01  0075001   0   0   1   0   01A3WFE
700228WN01  0075002   0  62  17  55   51A2WEE
700228WN01  0075003   0   0   0   6   02C1TDE
700228WN01  0075004   0   0   0   6   02B2SEE
700228WN01  0075005   0   0   0   1   02B1SDE
700228WN01  0075006   0   1  11   0   02A2KEE
700228WN01  0075007   0   0   7   0   02A1KDE
700228WN01  0075008   0   0   0   1   01D3NFE
700228WN01  0075009   0   3   0   0   01D1NDE
700228WN01  0075010   0   9   0   0   01B1MDE
700228WN01  0075011   0   0  67  63   7CC5AS 
700228WN01  0075012   0   7  26  25  14CC4AR 
700228WN01  0075013   0   0   0   2   5CC3AQ 
700228WN01  0075014   0  17  48  14   0CC2AP 
700228WN01  0075015   0 228  76 281 303CC1AO 
700228WN01  0075016   0   0   0   7   0CB5OS 
700228WN01  0075017   0   0  75   7   0CB2OP 
700228WN01  0075018   0  28  51  49   0CB1OO 
700228WN01  0075019   0   7   0  21   0CA6WT 
700228WN01  0075020   0   0  16   0   0CA5WS 
700228WN01  0075021   0   1   0   0   0CA3WQ 
700228WN01  0075022   0   0  16   7   0CA2WP 
700228WN01  0075023   0 251  87 245   0CA1WO 
700228WN01  0075024   0  36  31  55  47BA4AN 
700228WN01  0075025   0   4  18   9   0BA3ON 
700228WN01  0075026   0  12   0   0   0BA2MN 
700228WN01  0075027   0  25  17  39   0BA1WN 
700228WN01  0075028   0  24   9  50  226B EHB
700228WN01  0075029   0 217 151 275 2176A EGB
700228WN01  0075030   0 201  86 190 5195A2EDA
700228WN01  0075031   0 386 194 391   05A1EDF
700228WN01  0075032   0   0  17  24  444D1AGE
700228WN01  0075033   0   0   0   1   53C3YFE
700228WN01  0075034   0  12  17  38  883C2YEE
700228WN01  0075035   0   1   5  11  403C1YDE
700228WN01  0075036   0   0   5   1   13B31FE
700228WN01  0075037   0  20  27  84 1523B21EE
700228WN01  0075038   0   9  20  20  373B11DE
700228WN01  0075039   0 103  30  61 3003A2AEE
700228WN01  0075040   0  21  12   3  573A1ADE
700228WN01  0075041   0   0   0   2   02D2HEE
700228WN01  0075042   0   0   0  15   02C2TEE
700228WN01  0075043   0   2  10  28  215B2EKB
700228WN01  0075044   0  62  20  45 1625B1EJB
700228WN01  0075045   0  46  10 115 3105A3EIB
700307WN01  0075000   0  32  12  44   21A2WEE
700307WN01  0075001   0   9   4  10   11A1WDE
700307WN01  0075002   0   0   1   0   01C1JDE
700307WN01  0075003   0   2   0   0   01B3MFE
700307WN01  0075004   0   9   0   0   01B17DE
700307WN01  0075005   0   0   1   0   01A3WFE
700307WN01  0075006   0   0   0  12   02C2TEE
700307WN01  0075007   0   0   0   6   02C1TDE
700307WN01  0075008   0   0   0  36   02B2SEE
700307WN01  0075009   0   0   0  11   02B1SDE
700307WN01  0075010   0   4  41   0   02A2KEE
700307WN01  0075011   0   4  14   0   02A1KDE
700307WN01  0075012   0   1   0   0   01D1NDE
700307WN01  0075013   0   1   0   0   01C3JFE
700307WN01  0075014   0   0   1   0   0CC6AT 
700307WN01  0075015   0   0  69  36  13CC5AS 
700307WN01  0075016   0   7  24  26  14CC4AR 
700307WN01  0075017   0   0   0   4   6CC3AQ 
700307WN01  0075018   0  21  47  13   0CC2AP 
700307WN01  0075019   0 224  76 307 296CC1AO 
700307WN01  0075020   0   0   0   7   0CB5OS 
700307WN01  0075021   0   0  46   7   0CB2OP 
700307WN01  0075022   0  28  80  49   0CB1OO 
700307WN01  0075023   0  14   2  36   0CA6UT 
700307WN01  0075024   0   0  12   0   0CA5US 
700307WN01  0075025   0   2   0   0   0CA3UQ 
700307WN01  0075026   0   0  14   7   0CA2UP 
700307WN01  0075027   0 243  91 230   0CA1UO 
700307WN01  0075028   0  36  31  55  47BA4AN 
700307WN01  0075029   0   4  18   9   0BA3ON 
700307WN01  0075030   0  12   0   0   0BA2MN 
700307WN01  0075031   0  25  17  39   0BA1WN 
700307WN01  0075032   0  10  33  46  446B1EHB
700307WN01  0075033   0 129 203 547 2436A1EGB
700307WN01  0075034   0 166  58 199 5635A2EDA
700307WN01  0075035   0 352 269 498   05A1EDF
700307WN01  0075036   0   0  17   3  404D1AGE
700307WN01  0075037   0   0   0   0   53C3YFE
700307WN01  0075038   0  14  26  20  343C2YEE
700307WN01  0075039   0   1  17   4  293C1YDE
700307WN01  0075040   0   0   2   0   03B31FE
700307WN01  0075041   0  30  39  42  883B21EE
700307WN01  0075042   0  40   6  40  933A2AEE
700307WN01  0075043   0   5  16  16  383B11DE
700307WN01  0075044   0   4   6  10  173A1ADE
700307WN01  0075045   0   0   0   1   02D2HEE
700307WN01  0075046   0   0   0   1   02D1HDE
700314WN01  0075000   0  36  10  73   71A2WEE
700314WN01  0075001   0  10   3  17   31A1WDE
700314WN01  0075002   0   0  59  35  14CC5AS 
700314WN01  0075003   0   7  23  27  14CC4AR 
700314WN01  0075004   0  20  45  12   0CC2AP 
700314WN01  0075005   0 220  90 303 296CC1AO 
700314WN01  0075006   0   0   0   7   0CB5OS 
700314WN01  0075007   0   0  64   7   0CB2OP 
700314WN01  0075008   0  28  62  49   0CB1OO 
700314WN01  0075009   0  17  14  42   0CA6UT 
700314WN01  0075010   0   2   0   0   0CA5US 
700314WN01  0075011   0   1   0   0   0CA4UR 
700314WN01  0075012   0   7   0   0   0CA3UQ 
700314WN01  0075013   0   0  14   7   0CA2UP 
700314WN01  0075014   0  36  31  55  47BA4AN 
700314WN01  0075015   0   4  18   9   0BA3ON 
700314WN01  0075016   0  11   0   0   0BA2MN 
700314WN01  0075017   0  25  17  39   0BA1WN 
700314WN01  0075018   0  15   9  65  586B1EHB
700314WN01  0075019   0 215 131 331 2066A1EGB
700314WN01  0075020   0 361  87 321 4975A2EDA
700314WN01  0075021   0 354 194 568   05A1EDF
700314WN01  0075022   0   0  34   0  294D1AGE
700314WN01  0075023   0  12  19   5  193C2YEE
700314WN01  0075024   0   4   7   1   93C1YDE
700314WN01  0075025   0   0   3   0   13B31FE
700314WN01  0075026   0  54  40  90 1403B21EE
700314WN01  0075027   0   1  38  20  363B11DE
700314WN01  0075028   0   0   0   0   43A3AFE
700314WN01  0075029   0  77  28  53 2133A2AEE
700314WN01  0075030   0  20   8   9  753A1ADE
700314WN01  0075031   0   0   0  10   02C2TEE
700314WN01  0075032   0   0   0   1   02C1TDE
700314WN01  0075033   0   0   0   3   02B1SDE
700314WN01  0075034   0   2   8   0   02A2KEE
700314WN01  0075035   0   1   2   0   02A1KDE
700314WN01  0075036   0   2   0   0   01D1ND 
700314WN01  0075037   0   4   0   0   01C3JF 
700314WN01  0075038   0   1   0   0   01C1JDE
700314WN01  0075039   0   9   0   0   01B1MDE
700314WN01  0075040   0   1   0   0   11A3WFE
700321WN01  0075000   0  34  11  59   31A2WEE
700321WN01  0075001   0   0   5  22   11A1WDE
700321WN01  0075002   0   0  59  35  14CC5AS 
700321WN01  0075003   0   7  34  23  14CC4AR 
700321WN01  0075004   0   7   0   7   3CC3AQ 
700321WN01  0075005   0  21  44  11   0CC2AP 
700321WN01  0075006   0 217  80 309 298CC1AO 
700321WN01  0075007   0   0  97   7   0CB2OP 
700321WN01  0075008   0  28  29  49   0CB1OO 
700321WN01  0075009   0   5  14  39   0CA6UT 
700321WN01  0075010   0   3   4   0   0CA5US 
700321WN01  0075011   0   1   0   0   0CA4UR 
700321WN01  0075012   0   7   0   0   0CA3UQ 
700321WN01  0075013   0   0  24   7   0CA2UP 
700321WN01  0075014   0 227  76 207   0CA1UO 
700321WN01  0075015   0  36  31  55  47BA4AN 
700321WN01  0075016   0   4  18   9   0BA3ON 
700321WN01  0075017   0  10   0   0   0BA2MN 
700321WN01  0075018   0  25  17  36   0BA1WN 
700321WN01  0075019   0   4   4  39  156B1EHB
700321WN01  0075020   0 120  99 399 1326A1EGB
700321WN01  0075021   0 210 135 248 6975A2EDA
700321WN01  0075022   0 321 129 561   05A1EDF
700321WN01  0075023   0   0   0   0   24D2AHE
700321WN01  0075024   0   1   2   0  754D1AGE
700321WN01  0075025   0  13   0  12  353C2YEE
700321WN01  0075026   0   4   2   5  213C1YDE
700321WN01  0075027   0   0   1   0   03B31FE
700321WN01  0075028   0   9  22  50  993B21EE
700321WN01  0075029   0   1   3  13  283B11DE
700321WN01  0075030   0   2   0   4  153A3AFE
700321WN01  0075031   0  77  39  71 1353A2AEE
700321WN01  0075032   0  15   0   9  723A1ADE
700321WN01  0075033   0   0   0  11   02C2TEE
700321WN01  0075034   0   0   0   3   02C1TDE
700321WN01  0075035   0   0   0  10   02B2SEE
700321WN01  0075036   0  11  15   0   02A2KEE
700321WN01  0075037   0   2  10   0   02A1KDE
700321WN01  0075038   0   0   2   0   01D1NEE
700321WN01  0075039   0   3   0   0   01C1JDE
700321WN01  0075040   0  10   0   0   01B1MDE
700321WN01  0075041   0   0   0   5   01A3WFE
700328WN01  0075000   0  17   7  47   61A2WEE
700328WN01  0075001   0   5   4   8   31A1WDE
700328WN01  0075002   0   7  25  28  14CC4AR 
700328WN01  0075003   0   8   6  12   4CC3AQ 
700328WN01  0075004   0  31  51  13   0CC2AP 
700328WN01  0075005   0 207  93 299 301CC1AO 
700328WN01  0075006   0   0   0   7   0CB5OS 
700328WN01  0075007   0   0 120   7   0CB2OP 
700328WN01  0075008   0  28   6  49   0CB1OO 
700328WN01  0075009   0   0   2   0   0CA6UT 
700328WN01  0075010   0   2  14   0   0CA5US 
700328WN01  0075011   0   7   0   0   0CA3UQ 
700328WN01  0075012   0   4   8   7   0CA2UP 
700328WN01  0075013   0 225  76 196   0CA1UO 
700328WN01  0075014   0  36  31  56  47BA4AN 
700328WN01  0075015   0   4  18   9   0BA3ON 
700328WN01  0075016   0   9   0   0   0BA2MN 
700328WN01  0075017   0  25  14  29   0BA1WN 
700328WN01  0075018   0  17   7  27  156B1EHB
700328WN01  0075019   0 148  90 285 1416A1EGB
700328WN01  0075020   0 186  86 181 6555A2EDA
700328WN01  0075021   0 336 128 561   05A1EDF
700328WN01  0075022   0   3   4   1   04C1AGE
700328WN01  0075023   0   0   0   0   13C3YFE
700328WN01  0075024   0   6   1   7  323C2YEE
700328WN01  0075025   0   3   4   4  133C1YDE
700328WN01  0075026   0   7  12  39 1223B21EE
700328WN01  0075027   0   3   4   6  243B11DE
700328WN01  0075028   0  35  29  41 2353A2AEE
700328WN01  0075029   0   5  14   8  593A1ADE
700328WN01  0075030   0   0   0   8   02C2TEE
700328WN01  0075031   0   0   0   4   02C1TDE
700328WN01  0075032   0   0   0   7   02B2SEE
700328WN01  0075033   0   6   8   0   02A2KEE
700328WN01  0075034   0   1   1   0   02A1KDE
700328WN01  0075035   0  11   0   0   01B1MDE
700328WN01  0075036   0   3   0   0   01A3WFE
700404WN01  0075000   0  59  62 127  211A2WEE
700404WN01  0075001   0  13   3  37   31A1WDE
700404WN01  0075002   0   0   4   0   0CC6AT 
700404WN01  0075003   0   0  56  35  14CC5AS 
700404WN01  0075004   0   7  19  30  14CC4AR 
700404WN01  0075005   0   9   7  14   7CC3AQ 
700404WN01  0075006   0  17  65  14   0CC2AP 
700404WN01  0075007   0 219  66 299 294CC1AO 
700404WN01  0075008   0   0   0   7   0CB5OS 
700404WN01  0075009   0   0 126   7   0CB2OP 
700404WN01  0075010   0  28   0  49   0CB1OO 
700404WN01  0075011   0   0  14   0   0CA5US 
700404WN01  0075012   0   3   0   0   0CA3UQ 
700404WN01  0075013   0  10  14   7   0CA2UP 
700404WN01  0075014   0 225  70 203   0CA1UO 
700404WN01  0075015   0  36  31  56  47BA4AN 
700404WN01  0075016   0   4  18   9   0BA3ON 
700404WN01  0075017   0   9   0   0   0BA2MN 
700404WN01  0075018   0  25  14  30   0BA1WN 
700404WN01  0075019   0  43  34  34  746B1EHB
700404WN01  0075020   0 336 146 294 3406A1EGB
700404WN01  0075021   0 650 250 238 9855A2EDA
700404WN01  0075022   0 458 157 598   05A1EDF
700404WN01  0075023   0   0   2   0   24C2AHE
700404WN01  0075024   0   6   9   1 1434C1AGE
700404WN01  0075025   0   0   5   0   04A1UGE
700404WN01  0075026   0   0   0   0  503C3YFE
700404WN01  0075027   0  35  36  42 1523C2YEE
700404WN01  0075028   0   9  16   9  583C1YDE
700404WN01  0075029   0  39  39  45 2223B2UEE
700404WN01  0075030   0  16  19  10  393B11DE
700404WN01  0075031   0   0   0   0  153A3AFE
700404WN01  0075032   0 155 122  31 5053A2AEE
700404WN01  0075033   0  54  60  13 1483A1ADE
700404WN01  0075034   0   0   0  24   02C2TEE
700404WN01  0075035   0   0   0   8   02C1TDE
700404WN01  0075036   0   0   0   5   02B2SEE
700404WN01  0075037   0   0   0   2   02B1SDE
700404WN01  0075038   0   5  31   0   02A2KEE
700404WN01  0075039   0   5   9   0   02A1KDE
700404WN01  0075040   0   1   0   0   01D2JEE
700404WN01  0075041   0   0   0   0   31D1JDE
700404WN01  0075042   0   1   0   0   01B2MEE
700404WN01  0075043   0   7   0   0   01B1MDE
700404WN01  0075044   0   0   3   0   01A3WFE
700411WN01  0075000   0  67  39  45   61A2WEE
700411WN01  0075001   0  14   5  16   11A1WDE
700411WN01  0075002   0   0  54  38  14CC5AS 
700411WN01  0075003   0   7  16  32  14CC4AR 
700411WN01  0075004   0  13   7  13   7CC3AQ 
700411WN01  0075005   0  14  39  13   0CC2AP 
700411WN01  0075006   0 218 101 296 294CC1AO 
700411WN01  0075007   0   0   0   7   0CB5OS 
700411WN01  0075008   0   0 126   7   0CB2OP 
700411WN01  0075009   0  28   0  49   0CB1OO 
700411WN01  0075010   0   5  14   0   0CA5US 
700411WN01  0075011   0   4   0   0   0CA3UQ 
700411WN01  0075012   0   9  14   7   0CA2UP 
700411WN01  0075013   0 220  70 203   0CA1UO 
700411WN01  0075014   0  36  31  56  47BA4AN 
700411WN01  0075015   0   4  18   9   0BA3ON 
700411WN01  0075016   0   9   0   0   0BA1MN 
700411WN01  0075017   0  41  32  46  366B1EHB
700411WN01  0075018   0 318 106 210 1466A1EGB
700411WN01  0075019   0 404 863 435 5765A2EDA
700411WN01  0075020   0 420 411 349   05A1EDF
700411WN01  0075021   0   0   0   1   04C2AHE
700411WN01  0075022   0   2  63  26  644C1AGE
700411WN01  0075023   0   4  23   9  933C2YEE
700411WN01  0075024   0   2   7   2  363C1YDE
700411WN01  0075025   0   4   4   1   03B31FE
700411WN01  0075026   0  10  32  29 1583B21EE
700411WN01  0075027   0   9  31  17  233B11DE
700411WN01  0075028   0 103 166  71 2323A2AEE
700411WN01  0075029   0   9  51  14  343A1ADE
700411WN01  0075030   0   0   0  14   02C2TEE
700411WN01  0075031   0   0   0   2   02C1TDE
700411WN01  0075032   0   0   1   3   02B2SEE
700411WN01  0075033   0   3  13   1   02A2KEE
700411WN01  0075034   0   0  12   5   02A1KDE
700411WN01  0075035   0   1   0   0   01C2JEE
700411WN01  0075036   0  15   0   0   01B1MDE
700411WN01  0075037   0   0   0   0   11A3WFE
700418WN01  0075000   0  75  37  45   81A2WEE
700418WN01  0075001   0  13   6  14   11A1WDE
700418WN01  0075002   0   0   3   0   0CC6AT 
700418WN01  0075003   0   0  34  37  14CC5AS 
700418WN01  0075004   0   7  14  27  14CC4AR 
700418WN01  0075005   0   9   1  12   7CC3AQ 
700418WN01  0075006   0  22  48   9   0CC2AP 
700418WN01  0075007   0 214 117 307 294CC1AO 
700418WN01  0075008   0   0   0   7   0CB5OS 
700418WN01  0075009   0   0 126   7   0CB2OP 
700418WN01  0075010   0  28   0  49   0CB1OO 
700418WN01  0075011   0   1   0   0   0CA6UT 
700418WN01  0075012   0   9  14   0   0CA5US 
700418WN01  0075013   0   1  14   7   0CA2UP 
700418WN01  0075014   0 227  70 203   0CA1UO 
700418WN01  0075015   0  36  31  56  47BA4AN 
700418WN01  0075016   0   4  18   9   0BA3ON 
700418WN01  0075017   0   9   0   0   0BA2MN 
700418WN01  0075018   0  25  14  30   0BA1WN 
700418WN01  0075019   0  18  21  94  186B1EHB
700418WN01  0075020   0 209 151 320 4306A1EGB
700418WN01  0075021   0 325 498 458 7095A2EDA
700418WN01  0075022   0 342 147 483   05A1EDF
700418WN01  0075023   0   0   0   0   24C2AHE
700418WN01  0075024   0   0   7   3 1114C1AGE
700418WN01  0075025   0   0   0   0  123C3YFE
700418WN01  0075026   0  40  32  31  893C2YEE
700418WN01  0075027   0  18  14   6  563C1YDE
700418WN01  0075028   0   0   2   0   53B31FE
700418WN01  0075029   0  10  30  71 1873B21EE
700418WN01  0075030   0   7   4  21  393B11DE
700418WN01  0075031   0  67  92  99 2533A2AEE
700418WN01  0075032   0  23  21  28  533A1ADE
700418WN01  0075033   0   0   0   1   02D1HDE
700418WN01  0075034   0   0   0  18   02C2TEE
700418WN01  0075035   0   0   0   2   02C1TDE
700418WN01  0075036   0   0   1   6   02B2SEE
700418WN01  0075037   0   1   0   0   02B1SDE
700418WN01  0075038   0   1   4   0   02A2KEE
700418WN01  0075039   0   1   9   0   02A1KDE
700418WN01  0075040   0   1   0   0   01D2NEE
700418WN01  0075041   0   2   0   0   01C3JFE
700418WN01  0075042   0   4   0   0   01C2JEE
700418WN01  0075043   0   1   0   0   01C1JDE
700418WN01  0075044   0   1   0   0   01B2MEE
700418WN01  0075045   0   5   0   0   01B1MDE
700418WN01  0075046   0   1   1   0   01A3WFE
700425WN01  0075000   0  45  29  40   81A2WEE
700425WN01  0075001   0  13   8  16   11A1WDE
700425WN01  0075002   0   2  23  40  14CC5AS 
700425WN01  0075003   0   7   8  26  14CC4AR 
700425WN01  0075004   0   7   0   7  10CC3AQ 
700425WN01  0075005   0  18  40  10   0CC2AP 
700425WN01  0075006   0 218 146 309 291CC1AO 
700425WN01  0075007   0   0 120   7   0CB2OP 
700425WN01  0075008   0  28   6  49   0CB1OO 
700425WN01  0075009   0   6  14   0   0CA5US 
700425WN01  0075010   0   0  54   7   0CA2UP 
700425WN01  0075011   0 231  30 203   0CA1UO 
700425WN01  0075012   0  36  31  56  47BA4AN 
700425WN01  0075013   0   4  18   9   0BA3ON 
700425WN01  0075014   0   9   0   0   0BA2MN 
700425WN01  0075015   0  25  14  30   0BA1WN 
700425WN01  0075016   0  91  11 142  696B1EHB
700425WN01  0075017   0 368  93 23613336A1EGB
700425WN01  0075018   0 220 265 147 7085A2EDA
700425WN01  0075019   0 345 343 340   05A1EDF
700425WN01  0075020   0   0   2   0  134C1AGE
700425WN01  0075021   0   1   9  13  603C2YEE
700425WN01  0075022   0   1   1   3  183C1YDE
700425WN01  0075023   0   0   2   0   03B3IFE
700425WN01  0075024   0  18  16  86 1223B2IEE
700425WN01  0075025   0   6   3   6  273B1IDE
700425WN01  0075026   0   0   9   0   03A3AFE
700425WN01  0075027   0  77 203  41 2543A2AEE
700425WN01  0075028   0  17  46   7  503A1AD 
700425WN01  0075029   0   0   0   5   02C2TEE
700425WN01  0075030   0   0   0   2   02C1TDE
700425WN01  0075031   0   1   0  27   02B2SEE
700425WN01  0075032   0   0   0   3   02B1SDE
700425WN01  0075033   0   2  12   0   02A2KEE
700425WN01  0075034   0   2   3   1   02A1KDE
700425WN01  0075035   0   1   0   0   01D1NDE
700425WN01  0075036   0   2   0   0   01C2JEE
700425WN01  0075037   0   1   0   0   01C1JDE
700425WN01  0075038   0   1   0   0   01B2MEE
700425WN01  0075039   0   8   0   0   01B1MDE
700425WN01  0075040   0   0   3   0   01A3WFE
700516WN01  0075000   0   0   0   7   0CB5OS 
700516WN01  0075001   0 217  95 322 279CC1AO 
700516WN01  0075002   0  18  74   9   1CC2AP 
700516WN01  0075003   0   0   0   1  18CC3AQ 
700516WN01  0075004   0   8  21  25  11CC4AR 
700516WN01  0075005   0   9  26  35  20CC5AS 
700516WN01  0075006   0   0   1   0   0CC6AT 
700516WN01  0075007   0   0  60   7   0CB2OP 
700516WN01  0075008   0  28  66  49   0CB1OO 
700516WN01  0075009   0   4   0   0   01B1MDE
700516WN01  0075010   0   4   2   0   01A3WFE
700516WN01  0075011   0  31  31   7   71A2WEE
700516WN01  0075012   0  20  14   1   01A1WDE
700516WN01  0075013   0   2   0   0   0CA5US 
700516WN01  0075014   0   5   0   0   0CA3UQ 
700516WN01  0075015   0   0  20   7   0CA2UP 
700516WN01  0075016   0 232  78 203   0CA1UO 
700516WN01  0075017   0  36  31  56  47BA4AN 
700516WN01  0075018   0  25  14  30   0BA1WN 
700516WN01  0075019   0   4  18   9   0BA3ON 
700516WN01  0075020   0   9   0   0   0BA2MN 
700516WN01  0075021   0  37  16 259  936B1EHB
700516WN01  0075022   0 519 141 850   05A1EDF
700516WN01  0075023   0 229 1271497 7756A1EGB
700516WN01  0075024   0 455 208 47110935A2EDA
700516WN01  0075025   0   0   0   0   54C2AHE
700516WN01  0075026   0   1  29  13  774C1AGE
700516WN01  0075027   0   0   0   3   23C3YFE
700516WN01  0075028   0  36  16  12  333C2YEE
700516WN01  0075029   0  11   7   6   73C1YDE
700516WN01  0075030   0   8  10   2  663B11DE
700516WN01  0075031   0   0   2   0  123B31FE
700516WN01  0075032   0  30  38  50 1413B21EE
700516WN01  0075033   0   0   3   0   13A3AFE
700516WN01  0075034   0 168  60 166 2643A2AEE
700516WN01  0075035   0  33  15  46  383A1ADE
700516WN01  0075036   0   0   0  45   02C1TEE
700516WN01  0075037   0   0   0  15   02B2SEE
700516WN01  0075038   0   0   0   1   02B1SDE
700516WN01  0075039   0   5  25   4   02A2KEE
700516WN01  0075040   0   4  16   1   02A1KDE
700516WN01  0075041   0   2   0   0   01D2NEE
700516WN01  0075042   0   1   0   0   01C2JEE
700516WN01  0075043   0   2   0   0   01B2MEE
700523WN01  0075000   0   0   0  25   0CC6AT 
700523WN01  0075001   0   4  22  31  14CC5AS 
700523WN01  0075002   0   2   0   0   01C2JEE
700523WN01  0075003   0   2   0   0   01B1MDE
700523WN01  0075004   0   9   1   2   11A1WDE
700523WN01  0075005   0   7  22  31  11CC4AR 
700523WN01  0075006   0   0   0   0  19CC3AQ 
700523WN01  0075007   0  54  79   2   0CC2AP 
700523WN01  0075008   0   5   1   0   01A3WFE
700523WN01  0075009   0   1   0   0   01D2NEE
700523WN01  0075010   0  49  21  16   41A2WEE
700523WN01  0075011   0   0   0   1   02B1SDE
700523WN01  0075012   0   1   1  15   22B2SEE
700523WN01  0075013   0 170  96  76  936A1EGB
700523WN01  0075014   0 284  98 114 2625A2EDA
700523WN01  0075015   0 300 158  96   05A1EDF
700523WN01  0075016   0   0   0   0   34C2AHE
700523WN01  0075017   0   0   8  18  574C1AGE
700523WN01  0075018   0   0   0   0  173C3YFE
700523WN01  0075019   0   2  20   8  243C1YEE
700523WN01  0075020   0   5  22 101 1123B21EE
700523WN01  0075021   0   4   5  10  303B11DE
700523WN01  0075022   0   0   0   1   63A3AFE
700523WN01  0075023   0 107 123 214 2473A2AEE
700523WN01  0075024   0  28  36  57  633A1ADE
700523WN01  0075025   0   0   0   1   02D2HEE
700523WN01  0075026   0   0   0   2   02C2TEE
700523WN01  0075027   0   0   0   1   02C1TDE
700523WN01  0075028   0 187  94 303 285CC1AO 
700523WN01  0075029   0   0   0   9   0CB6OT 
700523WN01  0075030   0   0   0   6   0CB5OS 
700523WN01  0075031   0   4  90   6   0CB2OP 
700523WN01  0075032   0  24  36  42   0CB1OO 
700523WN01  0075033   0   0   5  11   0CA6UT 
700523WN01  0075034   0   9   4   0   0CA5US 
700523WN01  0075035   0   7   0   0   0CA3UQ 
700523WN01  0075036   0  31  24   6   0CA2UP 
700523WN01  0075037   0 192  65 193   0CA1UO 
700523WN01  0075038   0  36  31  56  47BA4AN 
700523WN01  0075039   0   4  18   9   0BA3ON 
700523WN01  0075040   0   9   0   0   0BA2MN 
700523WN01  0075041   0  25  14  30   0BA1WN 
700523WN01  0075042   0  35   2  14  156B1EHB
700530WN01  0075000   0  50  19  12   91A2WEE
700530WN01  0075001   0  13  19   3   41A1WDE
700530WN01  0075002   0   0  21  26  14CC5AS 
700530WN01  0075003   0   6  27  34  11CC4AR 
700530WN01  0075004   0   0   0   0  19CC3AQ 
700530WN01  0075005   0  23  68   8   0CC2AP 
700530WN01  0075006   0 223 101 323 285CC1AO 
700530WN01  0075007   0   0   0   7   0CB5OS 
700530WN01  0075008   0   0  84   7   0CB2OP 
700530WN01  0075009   0  28  42  49   0CB1OO 
700530WN01  0075010   0   0  20   0   0CA5US 
700530WN01  0075011   0   9   0   0   0CA3UQ 
700530WN01  0075012   0   0  18   7   0CA2UP 
700530WN01  0075013   0 229  60 203   0CA1UO 
700530WN01  0075014   0  36  31  56  47BA4AN 
700530WN01  0075015   0   4  18   9   0BA3ON 
700530WN01  0075016   0   9   0   0   0BA2MN 
700530WN01  0075017   0  25  14  30   0BA1WN 
700530WN01  0075018   0  42  13  21   56B1EHB
700530WN01  0075019   0 187  87 231  976A1EGB
700530WN01  0075020   0 311 108  85 3625A2EDA
700530WN01  0075021   0 298  76 100   05A1EDF
700530WN01  0075022   0   0   0   0   14C2AHE
700530WN01  0075023   0   0   5  10  824C1AGE
700530WN01  0075024   0   0   0   1   03C3YFE
700530WN01  0075025   0   6   0  18  603C2YEE
700530WN01  0075026   0   8   3   3  273C1YDE
700530WN01  0075027   0   0   0   2  193B3IFE
700530WN01  0075028   0   6  19  29 1773B2IEE
700530WN01  0075029   0   0   4   9  623B1ID 
700530WN01  0075030   0 188 131 252 1493A2AEE
700530WN01  0075031   0  74  39  46  213A1ADE
700530WN01  0075032   0   0   0   1   02D2HEE
700530WN01  0075033   0   0   0   1   02D1HDE
700530WN01  0075034   0   0   0   1   02C1TDE
700530WN01  0075035   0   2   0   2   02B1SDE
700530WN01  0075036   0   1   9   0   02A2KEE
700530WN01  0075037   0   1   5   0   02A1KDE
700530WN01  0075038   0   3   0   0   01C1TDE
700530WN01  0075039   0   1   0   0   01B2MEE
700530WN01  0075040   0   9   0   0   01B1MDE
700530WN01  0075041   0   1   0   0   01A3WFE
700606WN01  0075000   0  63  34  32  121A2WEE
700606WN01  0075001   0  27  24  17   21A1WDE
700606WN01  0075002   0   0   0   1   1CC6AT 
700606WN01  0075003   0   0  27  27  20CC5AS 
700606WN01  0075004   0   7  18  32   7CC4AR 
700606WN01  0075005   0   0   0   0   5CC3AQ 
700606WN01  0075006   0  24  62  12   0CC2AP 
700606WN01  0075007   0 221 110 318 298CC1AO 
700606WN01  0075008   0   0   0   7   0CB5OS 
700606WN01  0075009   0   0  84   7   0CB2OP 
700606WN01  0075010   0   0  28   0   0CA5US 
700606WN01  0075011   0   0  14   7   0CA2UP 
700606WN01  0075012   0 231  56 203   0CA1UO 
700606WN01  0075013   0  36  31  56  47BA4AN 
700606WN01  0075014   0   4  18   9   0BA3ON 
700606WN01  0075015   0   9   0   0   0BA2MN 
700606WN01  0075016   0  25  14  30   0BA1WN 
700606WN01  0075017   0  47  13   6   96B1EHB
700606WN01  0075018   0 202  65 101  786A1EGB
700606WN01  0075019   0 464 115  56 2845A2EDA
700606WN01  0075020   0 359  84  54  -65A1EDF
700606WN01  0075021   0   0   0   0   24C2AHE
700606WN01  0075022   0  10  15   6 1174C1AGE
700606WN01  0075023   0   0   0   0  293C3YFE
700606WN01  0075024   0  18  39  13  273C2YEE
700606WN01  0075025   0   8  19   1  343C1YDE
700606WN01  0075026   0   0   0   0   23B3IFE
700606WN01  0075027   0  20  38  45 1293B2IEE
700606WN01  0075028   0  10  18   9  493B1IDE
700606WN01  0075029   0 176  10 164 1763A2AEE
700606WN01  0075030   0  60   0  13  473A1ADE
700606WN01  0075031   0   0   0   1   02D2HEE
700606WN01  0075032   0   0   0   8   02C2TEE
700606WN01  0075033   0   0   0   3   02B2SEE
700606WN01  0075034   0   5  17   0   02A2KEE
700606WN01  0075035   0   2  14   0   02A1KDE
700606WN01  0075036   0   2   0   0   01D1NDE
700606WN01  0075037   0   5   0   0   01C3TFE
700606WN01  0075038   0   4   0   0   01B2MEE
700606WN01  0075039   0  13   0   0   01B1MDE
700606WN01  0075040   0   3   2   1   01A3WFE
700613WN01  0075000   0   7  24  31   7CC4AR 
700613WN01  0075001   0   4   0   0   7CC3AQ 
700613WN01  0075002   0 212 128 335 293CC1AD 
700613WN01  0075003   0   0   0   7   0CB5OS 
700613WN01  0075004   0   0  84   7   0CB2OP 
700613WN01  0075005   0  28  42  49   0CB1OO 
700613WN01  0075006   0   0  28   0   0CA5US 
700613WN01  0075007   0   7   0   0   0CA3UQ 
700613WN01  0075008   0   0  14   7   0CA2UP 
700613WN01  0075009   0 231  56 203   0CA1UO 
700613WN01  0075010   0  36  31  56  47BA4AN 
700613WN01  0075011   0   4  18   9   0BA3ON 
700613WN01  0075012   0   9   0   0   0BA2AN 
700613WN01  0075013   0  25  14  30   0BA1WN 
700613WN01  0075014   0  43   2   6  106B2EHB
700613WN01  0075015   0 251  66 125 1676A1EGB
700613WN01  0075016   0 311  64 187 4445A2EDA
700613WN01  0075017   0 439  63  64   05A1EDF
700613WN01  0075018   0   0   0   0   14C2AHE
700613WN01  0075019   0   8  19  11  364C1AGE
700613WN01  0075020   0   0   1   6   13C3YFE
700613WN01  0075021   0  37  43  39  493C2YEE
700613WN01  0075022   0   0   0   4   02B2SEE
700613WN01  0075023   0   0   0   3   02B1SDE
700613WN01  0075024   0  10  17   0   02A2KEE
700613WN01  0075025   0   6  12   0   02A1KDE
700613WN01  0075026   0  12  13   7  183C1YDE
700613WN01  0075027   0   0   0   0  173B3IFE
700613WN01  0075028   0  23  69  52 2213B21EE
700613WN01  0075029   0   4  16  21  683B11DE
700613WN01  0075030   0   2   0   0   93A3AFE
700613WN01  0075031   0 146  90 221 2573A2AEE
700613WN01  0075032   0  24  31  29  353A1ADE
700613WN01  0075033   0   0   0   2   02C2TEE
700613WN01  0075034   0   1   0   0   01C3JFE
700613WN01  0075035   0   1   0   0   01C2JEE
700613WN01  0075036   0   1   0   0   01B3MFE
700613WN01  0075037   0   4   0   0   01B2MEE
700613WN01  0075038   0   3   0   0   01D2NEE
700613WN01  0075039   0   3   0   0   01D1NDE
700613WN01  0075040   0  18   0   0   01B1MDE
700613WN01  0075041   0   1   0   0   11A3WFE
700613WN01  0075042   0  43  16  25   21A2WEE
700613WN01  0075043   0  28  10  10   11A1WDE
700620WN01  0075000   0  25   0   0   01B1MDE
700620WN01  0075001   0  24  24  33   91A2WEE
700620WN01  0075002   0  20   4  20  186B1EHB
700620WN01  0075003   0  21   4  20  186A1EHB
700620WN01  0075004   0 226  97  51 5655A2EDA
700620WN01  0075005   0 362  98  84   05A1EDF
700620WN01  0075006   0   1   5   7  334C1AGE
700620WN01  0075007   0   0   3   0   23C3YFE
700620WN01  0075008   0   8  35  30  613C2YEE
700620WN01  0075009   0   4  11  14  293C1YDE
700620WN01  0075010   0  13  24 110 1683B2IEE
700620WN01  0075011   0   2   5  24  213B11DE
700620WN01  0075012   0  44  13 150 2873A2AEE
700620WN01  0075013   0  11   4  55  783A1ADE
700620WN01  0075014   0   0   0   5   02D2HEE
700620WN01  0075015   0   0   0   2   02D1HDE
700620WN01  0075016   0   0   0   8   02C2TEE
700620WN01  0075017   0   0   0   1   02C1TDE
700620WN01  0075018   0   0   0   2   02B2SEE
700620WN01  0075019   0   0   0   1   02B1SDE
700620WN01  0075020   0   7   8   0   02A2KEE
700620WN01  0075021   0   3  10   0   02A1KDE
700620WN01  0075022   0   2   0   0   01D2NEE
700620WN01  0075023   0   0   2   0   01C3JFE
700620WN01  0075024   0  78   0   0   01B2MEE
700627W     0075000   0  17  11  14  366B1EHB
700627W     0075001   0 136  88 167 2006A1EGB
700627W     0075002   0 227  48  70 3945A2EDA
700627W     0075003   0 251 103  68   05A1EDF
700627W     0075004   0   2   0   5  324C1AGE
700627W     0075005   0  10  14   6  163C2YEE
700627W     0075006   0   1   1   4   93C1YDE
700627W     0075007   0   1   0   0   23BB1FE
700627W     0075008   0   9  29  24  803B21EE
700627W     0075009   0   0   7   8  273B11DE
700627W     0075010   0  87   4 347 1873A2AEE
700627W     0075011   0  11   2  40  293A1ADE
700627W     0075012   0   0   2   2   02C2TEE
700627W     0075013   0   1   0  10   02B2SEE
700627W     0075014   0  10   8   0   02A2KEE
700627W     0075015   0   3   6   0   02A1KDE
700627W     0075016   0   2   0   0   01D2NEE
700627W     0075017   0   1   0   0   01D1NDE
700627W     0075018   0  61   0   0   01B2MEE
700627W     0075019   0   3   0   0   01B1MDE
700627W     0075020   0  28  15  26   61A2WEE
700627W     0075021   0   7   0   5   11A1WDE
700627W     0075022   0   2   0   0   01A3WFE
700627WN01  0075000   0   7  14  48   7CC4AR 
700627WN01  0075001   0   7   2   0  14CC3AQ 
700627WN01  0075002   0  14  64  10   0CC2AP 
700627WN01  0075003   0 224 117 312 288CC1AO 
700627WN01  0075004   0   0   0   7   0CB5OS 
700627WN01  0075005   0   9   0   0   0BA2MN 
700627WN01  0075006   0  25  14  30   0BA1WN 
700627WN01  0075007   0   0   3   4   0CC5AS 
700627WN01  0075008   0  28  42  49   0CB1OO 
700627WN01  0075009   0   0  28   0   0CA5US 
700627WN01  0075010   0   7   0   0   0CA3UQ 
700627WN01  0075011   0   0  14   7   0CA2UP 
700627WN01  0075012   0 231  56 203   0CA1UD 
700704WN01  0075000   0  51  13  20   41A1WDG
700704WN01  0075001   0   2   0   0   01A3WFE
700704WN01  0075002   0  12   0   0   01B1MDE
700704WN01  0075003   0  85  51  73  111A2WEE
700705WN01  0075000   0   5   0   0   0144IFE
700705WN01  0075001   0   0   8   2  32143YFE
700705WN01  0075002   0   0   9   1   7142IFE
700705WN01  0075003   0   7   6   2   6141AFE
700709WN01  0075000   0   7  28  46   1CC4AR 
700709WN01  0075001   0   0  28   9  27CC5AS 
700711WN01  0075000   0  23   5   7   56B1EHB
700711WN01  0075001   0 149  53  60 1046A1EGB
700711WN01  0075002   0 279  63  46 5065A2EDA
700711WN01  0075003   0 432  38  83   05A1EDF
700711WN01  0075004   0  25  14  30   0BA1WN 
700711WN01  0075005   0   2  46  20  654C1AGE
700711WN01  0075006   0  56  75  91 2673B2IEE
700711WN01  0075007   0  12  26  12  603C1YDE
700711WN01  0075008   0   1   1   0   23B3IFE
700711WN01  0075009   0   0   2   3   13C3YFE
700711WN01  0075010   0  25  74  36  753C2YEE
700711WN01  0075011   0   9   0   0   0BA2MN 
700711WN01  0075012   0  36  31  60  44BA4AN 
700711WN01  0075013   0   4  18   3   0BA3ON 
700711WN01  0075014   0 223  91 292 270CC1AO 
700711WN01  0075015   0 231  87 203   0CA1UD 
700711WN01  0075016   0   0   0   7   0CB5OS 
700711WN01  0075017   0   0  96   7   0CB2OP 
700711WN01  0075018   0  28  30  49   0CB1OO 
700711WN01  0075019   0   0   4   0   0CA5US 
700711WN01  0075020   0   7   0   0   0CA3UQ 
700711WN01  0075021   0   0   7   7   0CA2UP 
700711WN01  0075022   0  13  21  20  933B1IDE
700711WN01  0075023   0  19   8  45  523A1ADE
700711WN01  0075024   0   0   0   3   03A3AFE
700711WN01  0075025   0 179  31 356 1833A2AEE
700711WN01  0075026   0   1   0   0   51D2NE 
700711WN01  0075027   0   1   0   0   51D1ND 
700711WN01  0075028   0   7  14   7  10CC3AQ 
700711WN01  0075029   0  15  66  14   0CC2AP 
700711WN01  0075030   0   1   0   0   51B3MF 
700711WN01  0075031   0   7  20  97   7CC4AR 
700711WN01  0075032   0  26  15  12   01A1WDE
700711WN01  0075033   0   0  26  10  21CC5AS 
700711WN01  0075034   0  52   0   0   51B2MEE
700711WN01  0075035   0   8   0   0   51B1MDE
700711WN01  0075036   0   0   4   0   51A3WFE
700711WN01  0075037   0  82  30  37   21A2WEE
700712WN01  0075000   0   8   0   0   01450FE
700712WN01  0075001   0   5   0   0   0144IFE
700712WN01  0075002   0  48 168  59 224143YDE
700712WN01  0075003   01507 383 659 886141AEE
700712WN01  0075004   0   1   1   0  15142IFE
700718WN01  0075000   0   0  32  10  18CC5AS 
700718WN01  0075001   0  16  21  78   5CC4AR 
700718WN01  0075002   0  10  14   7  14CC3AQ 
700718WN01  0075003   0  13  52  18   0CC2AP 
700718WN01  0075004   0 234  98 286 271CC1AD 
700718WN01  0075005   0   0   0   7   0CB5OS 
700718WN01  0075006   0   0 126   7   0CB2OP 
700718WN01  0075007   0  28   0  49   0CB1OO 
700718WN01  0075008   0   0  28   0   0CA5US 
700718WN01  0075009   0   0   0   1   02C1TDE
700718WN01  0075010   0  25   5  19  233A1ADE
700718WN01  0075011   0   0   0   4   02C2TEE
700718WN01  0075012   0  50   0   0   01B2MEE
700718WN01  0075013   0   4   0   0   01B1MDE
700718WN01  0075014   0  82  20  64   61A2WEE
700718WN01  0075015   0 246  62 135   05A1EDF
700718WN01  0075016   0   3   6   4   33C1YDE
700718WN01  0075017   0   4   4   3  434C1AGE
700718WN01  0075018   0  18  18  19  313C2YEE
700718WN01  0075019   0   0   0   1   63B31FE
700718WN01  0075020   0  15  57  33 1633B21EE
700718WN01  0075021   0   8  14   5  663B11DE
700718WN01  0075022   0  79  10 139 1383A2AEE
700718WN01  0075023   0  53   2  24  206A2EHB
700718WN01  0075024   0 278  45 125 1036A1EGB
700718WN01  0075025   0 323  66  57 3115A2EDA
700718WN01  0075026   0  33  12  12   11A1WDE
700726WN01  0075000   0  25  14  30   0BA1WN 
700726WN01  0075001   0   4  18   9   0BA3ON 
700726WN01  0075002   0   9   0   0   0BA2MN 
700726WN01  0075003   0   0   0   7   0CB5OS 
700726WN01  0075004   0   0  72   7   0CB2OP 
700726WN01  0075005   0  28  54  49   0CB1OO 
700726WN01  0075006   0   2  28   0   0CA5US 
700726WN01  0075007   0  11   0   0   0CA3UQ 
700726WN01  0075008   0   0   7   7   0CA2UP 
700726WN01  0075009   0 225  64 203   0CA1UD 
700726WN01  0075010   0  39  31  57  44BA4AN 
700726WN01  0075011   0  61   0   0   01B2MEE
700726WN01  0075012   0   8   0   0   01B1MDE
700726WN01  0075013   0  10   0   0   01A3WFE
700726WN01  0075014   0 124  35  42   41A2WEE
700726WN01  0075015   0  35  12  11   21A1WDE
700726WN01  0075016   0   0  29  12  20CC5AS 
700726WN01  0075017   0   7  20  72   6CC4AR 
700726WN01  0075018   0  12  13   7  10CC3AQ 
700726WN01  0075019   0  10  59  13   0CC2AP 
700726WN01  0075020   0 244  96 295 272CC1AO 
700726WN01  0075021   0  17   8  33   56B1EHB
700726WN01  0075022   0 199 129 127  796A1EGB
700726WN01  0075023   0 272  91 113 4085A2EDA
700726WN01  0075024   0 279 172 172   05A1EDF
700726WN01  0075025   0   0   0   1   34C2AHE
700726WN01  0075026   0   1  16   1  624C1AGE
700726WN01  0075027   0   4  11   5  323C1YDE
700726WN01  0075028   0   0   1   0   13C3YFE
700726WN01  0075029   0   7  14  25  433C2YEE
700726WN01  0075030   0   0   1   0   33B3IFE
700726WN01  0075031   0  33  48  23 1803B2IEE
700726WN01  0075032   0   9  24   4  643B11DE
700726WN01  0075033   0   0   0   0   23A3AFE
700726WN01  0075034   0  81  29 105 2523A2AEE
700726WN01  0075035   0  14   7  34  563A1ADE
700726WN01  0075036   0   3   0   3   02D2HEE
700726WN01  0075037   0   2   0   0   02C2TEE
700726WN01  0075038   0   1   0   0   02C1TDE
700726WN01  0075039   0   1   0   0   02B2SEE
700726WN01  0075040   0   1   0   0   01D2NEE
700726WN01  0075041   0   1   0   0   01C1JDE
700802WN01  0075000   0  12  42  14   1CC2AP 
700802WN01  0075001   0  12  17   7  12CC3AQ 
700802WN01  0075002   0   7  23  67   7CC4AR 
700802WN01  0075003   0   0  30  12  23CC5AS 
700802WN01  0075004   0   0   0   6   0CB50S 
700802WN01  0075005   0 242 105 299 265CC1AO 
700802WN01  0075006   0   0   0   2   0CB3OQ 
700802WN01  0075007   0   0  63   7   0CB2OP 
700802WN01  0075008   0  28  63  48   0CB1OO 
700802WN01  0075009   0   7  28   0   0CA5US 
700802WN01  0075010   0  15   6  28  796B1EHB
700802WN01  0075011   0 326 118 600  796A1EGB
700802WN01  0075012   0 250 131  52 2315A2EDA
700802WN01  0075013   0 137 125  57   05A1EDF
700802WN01  0075014   0   5   2   3   84C1AGE
700802WN01  0075015   0   0   4   0   03C3YFE
700802WN01  0075016   0  15  17  14  453C2YEE
700802WN01  0075017   0  10   1   5  203C1YDE
700802WN01  0075018   0   5   1   0  173B3IFE
700802WN01  0075019   0  17  15  38  583B2IEE
700802WN01  0075020   0   2   4  10   93B1IDE
700802WN01  0075021   0   5   1   0  173A3AFE
700802WN01  0075022   0  37  13 107 1163A2AEE
700802WN01  0075023   0   7   3  25  143A1ADE
700802WN01  0075024   0   0   0  10   02D1HEE
700802WN01  0075025   0   0   0   1   02B2SEE
700802WN01  0075026   0   0  40   0   02A2KEE
700802WN01  0075027   0   0   9   0   02A1KDE
700802WN01  0075028   0   1   0   0   01D2JEE
700802WN01  0075029   0  34   0   0   01B2MEE
700802WN01  0075030   0   0   2   0   11A3WFE
700802WN01  0075031   0  42  18  23   91A2WEE
700802WN01  0075032   0   0   7   7   0CA2UP 
700802WN01  0075033   0 224  63 203   0CA1UO 
700802WN01  0075034   0  39  31  57  44BA4AN 
700802WN01  0075035   0   4  18   9   0BA3ON 
700802WN01  0075036   0   9   0   0   0BA2MN 
700802WN01  0075037   0  25  14  30   0BA1WN 
700802WN01  0075038   0   4   0   0   01B1MDE
700802WN01  0075039   0  13   4   7   01A1WDE
700806WN01  0075000   0  13  22  13   7CC3AQ 
700806WN01  0075001   0  14  51  22   0CC2AP 
700806WN01  0075002   0 239  88 308 274CC1AO 
700806WN01  0075003   0   0   0   7   0CB5OS 
700806WN01  0075004   0   0  63   7   0CB2OP 
700806WN01  0075005   0  28  63  49   0CB1OO 
700806WN01  0075006   0   7  28   0   0CA5US 
700806WN01  0075007   0   0   7   0   0CA3UQ 
700806WN01  0075008   0   0   7   7   0CA2UP 
700806WN01  0075009   0 224  63 203   0CA1UO 
700806WN01  0075010   0  39  31  57  44BA4AN 
700806WN01  0075011   0   4  18   9   0BA3ON 
700806WN01  0075012   0   9   0   0   0BA2MN 
700806WN01  0075013   0  25  14  30   0BA1WN 
700809WN01  0075000   0   0   2   0   83C3YFE
700809WN01  0075001   0  20   7   5  293C2YEE
700809WN01  0075002   0   2  11   0  133C1YDE
700809WN01  0075003   0   0   1   1   03B3IFE
700809WN01  0075004   0  24  42  55 1023B2IEE
700809WN01  0075005   0   2  18  15  343B1IDE
700809WN01  0075006   0   0   0   2   02B1SDE
700809WN01  0075007   0  18   5  10   01A1WDE
700809WN01  0075008   0   0   3   0   01A3WFE
700809WN01  0075009   0  26  18  26   21A2WEE
700809WN01  0075010   0   2   0   0   02A2KEE
700809WN01  0075011   0   2   0   0   01D1NDE
700809WN01  0075012   0  33   0   0   01B2MEE
700809WN01  0075013   0   7   0   0   01B1MDE
700809WN01  0075014   0  39  25  26  176B1EHB
700809WN01  0075015   0 214 359 411 1016A1EGB
700809WN01  0075016   0 268 146  70 4485A2EDA
700809WN01  0075017   0 348  52 126   05A1EDF
700809WN01  0075018   0   0  13   3  174C1AGE
700809WN01  0075019   0   0   0   3   02C1TDE
700809WN01  0075020   0   0   0  10   02B2SEE
700809WN01  0075021   0 163  12  63 2553A2AEE
700809WN01  0075022   0  31   1  10  483A1ADE
700809WN01  0075023   0   0   0   1   02D2HEE
700809WN01  0075024   0   0   0   5   02C2TEE
700809WN01  0075025   0   0   0   1   03A3AFE
700809WN01  0075026   0  60   0   0   01452DE
700809WN01  0075027   0  35   0   0   0144IFE
700809WN01  0075028   0   0  10   0  32143YFE
700809WN01  0075029   0 707 142 404 927141AEE
700809WN01  0075030   0   0   0   1   7142IFE
700816WN01  0075000   0   7  21  44   0CC4AR 
700816WN01  0075001   0   0  22  10  28CC5AS 
700816WN01  0075002   0   7   0   0   0CA3UQ 
700816WN01  0075003   0   8  17  14   6CC3AQ 
700816WN01  0075004   0   7  28   0   0CA5US 
700816WN01  0075005   0  39  31  57  44BA4AN 
700816WN01  0075006   0   4  18   9   0BA3ON 
700816WN01  0075007   0   0   0   4   02C1TDE
700816WN01  0075008   0   1   0   0   01D1NDE
700816WN01  0075009   0   0   0   7   0CB5OS 
700816WN01  0075010   0   0  63   7   0CB2OP 
700816WN01  0075011   0  33  15  35   41A2WEE
700816WN01  0075012   0   0   1   0   01A3WFE
700816WN01  0075013   0   0   7   7   0CA2UP 
700816WN01  0075014   0 224  63 203   0CA1NO 
700816WN01  0075015   0   9   0   0   0BA2MN 
700816WN01  0075016   0  25  14  30   0BA1WN 
700816WN01  0075017   0 682  81 132 3675A2EDA
700816WN01  0075018   0  56  19  20  146ABEHB
700816WN01  0075019   0 339  61 117  906A1EGB
700816WN01  0075020   0 308 101 113   05A1EDF
700816WN01  0075021   0   1   0   0   53C3YFE
700816WN01  0075022   0   0   0   0   24C2AHE
700816WN01  0075023   0   0   4   1  994C1AGE
700816WN01  0075024   0  17  63  18   0CC2AP 
700816WN01  0075025   0   1   3   0   02A1KDE
700816WN01  0075026   0   0   0   8   02C2TEE
700816WN01  0075027   0   5  11   0   02A2KEE
700816WN01  0075028   0   1   0   0   01D2NEE
700816WN01  0075029   0  22   0   0   01B2MEE
700816WN01  0075030   0  10   0   0   01B1MDE
700816WN01  0075031   0  10   2  10   11A1WDE
700816WN01  0075032   0 241  94 313 274CC1AO 
700816WN01  0075033   0  40   3  19   93A1ADE
700816WN01  0075034   0   1   0   0  173A3AFE
700816WN01  0075035   0 148  17 121 1193A2AEE
700816WN01  0075036   0  10   2   1  633C2YEE
700816WN01  0075037   0   3   0   3  273C1YDE
700816WN01  0075038   0  22  27  63  993B21EE
700816WN01  0075039   0   4  11  23  343B11DE
700823WN01  0075000   0 331  84  67 1435A2EDA
700823WN01  0075001   0  26  10  23   56B1EHB
700823WN01  0075002   0 169 134 113  836A1EGB
700823WN01  0075003   0  25  14  30   0BA1WN 
700823WN01  0075004   0   4  18   9   0BA3ON 
700823WN01  0075005   0   9   0   0   0BA2MN 
700823WN01  0075006   0  28  63  49   0CB1OO 
700823WN01  0075007   0  39  32  57  44BA4AN 
700823WN01  0075008   0   0   7   7   0CA2UP 
700823WN01  0075009   0 224  63 203   0CA1UO 
700823WN01  0075010   0   0   6   0   0CC6AT 
700823WN01  0075011   0   0  23   9  28CC5AS 
700823WN01  0075012   0   8  22  49   0CC4AR 
700823WN01  0075013   0 241 116 316 273CC1AO 
700823WN01  0075014   0   7  14  14   7CC3AQ 
700823WN01  0075015   0  17  42  11   0CC2AP 
700823WN01  0075016   0   0   0   7   0CB50S 
700823WN01  0075017   0   0  63   7   0CB2OP 
700823WN01  0075018   0   7  28   0   0CA5US 
700823WN01  0075019   0   7   0   0   0CA3UQ 
700823WN01  0075020   0   2  12   1   24C1AGE
700823WN01  0075021   0 277  62  53   05A1EDF
700823WN01  0075022   0  10   0   7   11A1WDE
700823WN01  0075023   0  22   0   0   01B2MEE
700823WN01  0075024   0   2   0   0   01B1MDE
700823WN01  0075025   0   0   0   1   01A3WFE
700823WN01  0075026   0  26   8  14   21A2WEE
700823WN01  0075027   0   2   0   0   01C1JDE
700823WN01  0075028   0   1   0   0   01D2NEE
700823WN01  0075029   0  30   4   9  173A1ADE
700823WN01  0075030   0   1   0   0   01D3NFE
700823WN01  0075031   0  81  23  68 1033A2AEE
700823WN01  0075032   0   8   6  11   83B1IDE
700823WN01  0075033   0   2   6   0   13A3AFE
700823WN01  0075034   0  10   7  13  103C2YEE
700823WN01  0075035   0   1   4   0   53C1YDE
700823WN01  0075036   0   0   0   1   03B3IFE
700823WN01  0075037   0  19  23  43  433B2IEE
700830WN01  0075000   0   7  14  12   7CC3AQ 
700830WN01  0075001   0  21  24  12   7CC4AR 
700830WN01  0075002   0   0  32   6  28CC5AS 
700830WN01  0075003   0   0   7   0   0CC6AT 
700830WN01  0075004   0  22  74  13   0CC2AP 
700830WN01  0075005   0 223  73 313 273CC1AO 
700830WN01  0075006   0   0   0   7   0CB5OS 
700830WN01  0075007   0  16   9  12  206B1EHB
700830WN01  0075008   0 193  95 161   05A1EDF
700830WN01  0075009   0   0   0   1   04C2AHE
700830WN01  0075010   0   0  60   7   0CB2OP 
700830WN01  0075011   0  28  66  49   0CB1OO 
700830WN01  0075012   0   4   0   0   0CA6UT 
700830WN01  0075013   0   7  28   0   0CA5US 
700830WN01  0075014   0  39  32  57  44BA4AN 
700830WN01  0075015   0  26  13  30   0BA1WN 
700830WN01  0075016   0   4  18   9   0BA3ON 
700830WN01  0075017   0   9   0   0   0BA2MN 
700830WN01  0075018   0   7   0   0   0CA3UQ 
700830WN01  0075019   0  26   0   0   01B2MEE
700830WN01  0075020   0   0   7   7   0CA2UP 
700830WN01  0075021   0 225  58 203   0CA1UD 
700830WN01  0075022   0   1   0   0   01D2NEE
700830WN01  0075023   0   7   0   0   01B1MDE
700830WN01  0075024   0  17   5  13   21A2WEE
700830WN01  0075025   0   4   2  15   21A1WDE
700830WN01  0075026   0 183 108 130 1026A1EGB
700830WN01  0075027   0   0   0   4   13C3YFE
700830WN01  0075028   0 314  51  73 3135A2EDA
700830WN01  0075029   0   5   5   9  264C1AGE
700830WN01  0075030   0   0   2  32  243C2YEE
700830WN01  0075031   0   1   0   0   01D1NDE
700830WN01  0075032   0   0   0  15   02B2SEE
700830WN01  0075033   0   0   0   1   02B1SDE
700830WN01  0075034   0   4   2   6  183C1YDE
700830WN01  0075035   0  13  38  25  513B2IEE
700830WN01  0075036   0  13   5   4  253B1IDE
700830WN01  0075037   0   0   0   1   73A3AFE
700830WN01  0075038   0  59  20  77  663A2AEE
700830WN01  0075039   0  14   9  10  263A1ADE
700830WN01  0075040   0   0   0   2   02C2TEE
700830WN01  0075041   0   0   0   1   02C1TDE
700906WN01  0075000   0   0  36   6  28CC5AS 
700906WN01  0075001   0   0   7   1   0CC6AT 
700906WN01  0075002   0  23  22  56   0CC4AR 
700906WN01  0075003   0 172 108 108  906A1EGB
700906WN01  0075004   0  14  19  12   66B1EHB
700906WN01  0075005   0   0   7   7   0CA2UP 
700906WN01  0075006   0 231  56 195   0CA1UD 
700906WN01  0075007   0   4  18   9   0BA3ON 
700906WN01  0075008   0   9   0   0   0BA2MN 
700906WN01  0075009   0  25  13  30   0BA1WN 
700906WN01  0075010   0   4   7   0   7CC3AQ 
700906WN01  0075011   0   1   0   1   01A3WFE
700906WN01  0075012   0  19  29  14  101A2WEE
700906WN01  0075013   0  11   7   4   11A1WDE
700906WN01  0075014   0   1   0   0   01C1JDE
700906WN01  0075015   0   1   0   0   01B3MFE
700906WN01  0075016   0  20   0   0   01B2MEE
700906WN01  0075017   0   6   0   0   01B1MDE
700906WN01  0075018   0  33  93  18   0CC2AP 
700906WN01  0075019   0 212  59 316 276CC1AO 
700906WN01  0075020   0   0   0   7   0CB5OS 
700906WN01  0075021   0   0   0   2   0CB3OQ 
700906WN01  0075022   0   0  56   5   0CB2OP 
700906WN01  0075023   0   7   0   0   0CA3UQ 
700906WN01  0075024   0  28  70  49   0CB1OO 
700906WN01  0075025   0   7  28   0   0CA5US 
700906WN01  0075026   0  39  32  57  44BA4AN 
700906WN01  0075027   0   0   0   1   02C1TDE
700906WN01  0075028   0  24   1  11  313A1ADE
700906WN01  0075029   0   0   0   8   02C2TEE
700906WN01  0075030   0  22  55  31  953B2IEE
700906WN01  0075031   0  10  30   7  463B1IDE
700906WN01  0075032   0   0   3   0   43A3AFE
700906WN01  0075033   0  89  19  44 1773A2AEE
700906WN01  0075034   0 200  86  73 3955A2EDA
700906WN01  0075035   0 291 111  76   05A1EDF
700906WN01  0075036   0   0   0   1   34C2AHE
700906WN01  0075037   0   1  14   7  664C1AGE
700906WN01  0075038   0   0   0   0   83C3YFE
700906WN01  0075039   0  25  53  40  723C2YEE
700906WN01  0075040   0   3  32  11  373C1YDE
700906WN01  0075041   0   0   0   0  103B3IFE
700913WN01  0075000   0   4  18   9   0BA3ON 
700913WN01  0075001   0   9   0   0   0BA2MN 
700913WN01  0075002   0  26  13  30   0BA1WN 
700913WN01  0075003   0   7  28   0   0CA5US 
700913WN01  0075004   0 230  56 182   0CA1UO 
700913WN01  0075005   0   7   0   0   0CA3UQ 
700913WN01  0075006   0   0   7   7   0CA2UP 
700913WN01  0075007   0  39  32  56  45BA4AN 
700913WN01  0075008   0   0   7   7   0CC6AT 
700913WN01  0075009   0   0  22   8  28CC5AS 
700913WN01  0075010   0  24  15  14   01A2WEE
700913WN01  0075011   0  10   5   0   01A1WDE
700913WN01  0075012   0   0   0   1   02C1TDE
700913WN01  0075013   0   1   0   0   01B3MFE
700913WN01  0075014   0  25   0   0   01B2MEE
700913WN01  0075015   0   5   0   0   01B1MDE
700913WN01  0075016   0   9  10  53   0CC4AR 
700913WN01  0075017   0  35  51   7   0CC2AP 
700913WN01  0075018   0 229 134 317 280CC1AO 
700913WN01  0075019   0   0   0   7   0CB50S 
700913WN01  0075020   0   0   0   5   0CB3OQ 
700913WN01  0075021   0   0  56   2   0CB2OP 
700913WN01  0075022   0  28  70  49   0CB1OO 
700913WN01  0075023   0   1   0  21   0CA6UT 
700913WN01  0075024   0  18   7  20  126B1EHB
700913WN01  0075025   0 208  71 117  246A1EGB
700913WN01  0075026   0 388  46 122 4785A2EDA
700913WN01  0075027   0 227 107  88   05A1EDF
700913WN01  0075028   0   9  14  20  404C1AGE
700913WN01  0075029   0   0   0   0   13C3YFE
700913WN01  0075030   0  37   8   7  353C2YEE
700913WN01  0075031   0   6   5   1  293C1YDE
700913WN01  0075032   0   0   0   1   03B3IFE
700913WN01  0075033   0  28  45  60  983B2IEE
700913WN01  0075034   0  15   8  24  203B1IDE
700913WN01  0075035   0  10   0   1   03A3AFE
700913WN01  0075036   0 132  11  62 1303A2AEE
700913WN01  0075037   0  33   3  13  133A1ADE
700913WN01  0075038   0   0   0  29   02C2TEE
700920WN01  0075000   0   5   0   6   6CC3AQ 
700920WN01  0075001   0  10  21  46   0CC4AR 
700920WN01  0075002   0   0  33  11  28CC5AS 
700920WN01  0075003   0   0   7   7   0CC6AT 
700920WN01  0075004   0   4   7   6   01A1WDE
700920WN01  0075005   0   3  16  29 1253B2IEE
700920WN01  0075006   0   0   4   6  303B1IDE
700920WN01  0075007   0  18   0   0   01B2MEE
700920WN01  0075008   0   4   0   0   01B1MDE
700920WN01  0075009   0   1   0   0   01A3WFE
700920WN01  0075010   0  26  20  21   71A2WEE
700920WN01  0075011   0  82  28  38  743A2AEE
700920WN01  0075012   0  16  14  14  103A1ADE
700920WN01  0075013   0   0   0  20   02C2TEE
700920WN01  0075014   0   0   0   1   02C1TDE
700920WN01  0075015   0   7   7   0   02A2KEE
700920WN01  0075016   0   4   0   0   01D1NDE
700920WN01  0075017   0   2   8   0   02A1KDE
700920WN01  0075018   0   5   0   0   01D2NEE
700920WN01  0075019   0  18   1  11  116B1EHB
700920WN01  0075020   0 166  76 106 1006A1EGB
700920WN01  0075021   0   0   1   0  274C1AGE
700920WN01  0075022   0 199  73 121 3695A2EDA
700920WN01  0075023   0 276  61 102   05A1EDF
700920WN01  0075024   0   0   0   2   03C3YFE
700920WN01  0075025   0   1   5   9  303C2YEE
700920WN01  0075026   0   0   7   4  283C1YDE
700920WN01  0075027   0   0   0   0   33B3IFE
700920WN01  0075028   0  30  60  12   0CC2AP 
700920WN01  0075029   0 228 103 309 282CC1AO 
700920WN01  0075030   0   0   2   7   0CB5OS 
700920WN01  0075031   0   0  51   7   0CB2OP 
700920WN01  0075032   0  28  73  49   0CB1OO 
700920WN01  0075033   0   7   0   0   0CA3UQ 
700920WN01  0075034   0   0   0  12   0CA6UT 
700920WN01  0075035   0   7  28   0   0CA5US 
700920WN01  0075036   0   0   7   3   0CA2UP 
700920WN01  0075037   0   4  18   9   0BA3ON 
700920WN01  0075038   0 224  56 171   0CA1UO 
700920WN01  0075039   0  39  32  56  45BA4AN 
700920WN01  0075040   0   9   0   0   0BA2MN 
700920WN01  0075041   0  26  13  26   0BA1WN 
700927WN01  0075000   0   8  29  46   0CC4AR 
700927WN01  0075001   0   0  23   8  28CC5AS 
700927WN01  0075002   0   0   7   7   0CC6AT 
700927WN01  0075003   0  14   0   7   7CC3AQ 
700927WN01  0075004   0  11   9  19   21A2WEE
700927WN01  0075005   0  15   1   3   21A1WDE
700927WN01  0075006   0   1   0   0   01D2NEE
700927WN01  0075007   0  22   0   0   01B2MEE
700927WN01  0075008   0   7   0   0   01B1MDE
700927WN01  0075009   0   0   0   1   01A3WFE
700927WN01  0075010   0  13  17  39  553B2IEE
700927WN01  0075011   0   5   9   6   93B1IDE
700927WN01  0075012   0   0   5   7   83A3AFE
700927WN01  0075013   0  80  34  64 1713A2AEE
700927WN01  0075014   0  21   7  35  263A1ADE
700927WN01  0075015   0   0   0  12   02C2TEE
700927WN01  0075016   0   0   0   4   02C1TDE
700927WN01  0075017   0   1   0   0   01D3NFE
700927WN01  0075018   0  35  55  14   0CC2AP 
700927WN01  0075019   0 716 110 310 280CC1AO 
700927WN01  0075020   0   7  28   0   0CA5US 
700927WN01  0075021   0   7   0   0   0CA3UQ 
700927WN01  0075022   0   0   7   7   0CB5OS 
700927WN01  0075023   0   0  42   7   0CB2OP 
700927WN01  0075024   0  28   0   0   0CB1OO 
700927WN01  0075025   0   5   0   0   0CA6UT 
700927WN01  0075026   0   0   7   0   0CA2UP 
700927WN01  0075027   0 223  56 164   0CA1UO 
700927WN01  0075028   0  39  32  56  45BA4AN 
700927WN01  0075029   0   4  18   9   0BA3ON 
700927WN01  0075030   0   9   0   0   0BA2MN 
700927WN01  0075031   0  26  13  23   0BA1WN 
700927WN01  0075032   0   1   2   0   63C1YDE
700927WN01  0075033   0   0   0   2   73B3IFE
700927WN01  0075034   0 199 105  58   05A1EDF
700927WN01  0075035   0   0   0   1   04C2AHE
700927WN01  0075036   0   2   7  25   14C1AGE
700927WN01  0075037   0   5  14  16  143C2YEE
700927WN01  0075038   0 103 117 121 1166A1EGB
700927WN01  0075039   0 220 105 109 3575A2EDA
700927WN01  0075040   0  12   8   2  136B1EHB
701004WN01  0075000   0  31  22  17  106B1EHB
701004WN01  0075001   0 298 114  87  596A1EGB
701004WN01  0075002   0 740 180  33 1855A2EDA
701004WN01  0075003   0  26  13  23   0BA1WN 
701004WN01  0075004   0   8   0   0   0BA2MN 
701004WN01  0075005   0   4  18   9   0BA3ON 
701004WN01  0075006   0  39  32  56  46BA4AN 
701004WN01  0075007   0 212  56 161   0CA1UO 
701004WN01  0075008   0   0   7   0   0CA2UP 
701004WN01  0075009   0   7   0   0   0CA3UQ 
701004WN01  0075010   0   7  28   0   0CA5US 
701004WN01  0075011   0  12   0   0   0CA6UT 
701004WN01  0075012   0  28  69  49   0CB1OO 
701004WN01  0075013   0   0  50   7   0CB2OP 
701004WN01  0075014   0   0   7   7   0CB5OS 
701004WN01  0075015   0 227 122 306 276CC1AO 
701004WN01  0075016   0  19  38  13   0CC2AP 
701004WN01  0075017   0  18   0   7   7CC3AQ 
701004WN01  0075018   0   9  30  40   0CC4AR 
701004WN01  0075019   0   0  27  15  28CC5AS 
701004WN01  0075020   0   0   7   5   4CC6AT 
701004WN01  0075021   0  87 101  70   05A1EDF
701004WN01  0075022   0   0   0   0   14C2AHE
701004WN01  0075023   0   0  10   1 1074C1AGE
701004WN01  0075024   0   0   0   0  363C3YFE
701004WN01  0075025   0   2  24   3  683C2YEE
701004WN01  0075026   0   0  10   0  633C1YDE
701004WN01  0075027   0  14  50  47 1043B21EE
701004WN01  0075028   0   5  15   9  173B1IDE
701004WN01  0075029   0   0   0   1   33A3AFE
701004WN01  0075030   0  13  11  45 1093A2AEE
701004WN01  0075031   0   5   8  20  233A1ADE
701004WN01  0075032   0   0   0   2   02C2TEE
701004WN01  0075033   0   0   0   1   02C1TDE
701004WN01  0075034   0   3   8   0   02A2KEE
701004WN01  0075035   0   0   1   0   02A1KDE
701004WN01  0075036   0   1   0   0   01D2NEE
701004WN01  0075037   0   3   0   0   01B2MEE
701004WN01  0075038   0   3   1   1   01A1WDE
701004WN01  0075039   0  14  10  11   31A2WEE
701004WN01  0075040   0   5   0   0   01B1MDE
701010WN01  0075000   0  26  13  23   0BA1WN 
701010WN01  0075001   0 210  56 161   0CA1UO 
701010WN01  0075002   0  39  32  56  45BA4AN 
701010WN01  0075003   0   4  18   9   0BA3ON 
701010WN01  0075004   0   8   0   0   0BA2MN 
701010WN01  0075005   0  18  11  15   36A2EHB
701010WN01  0075006   0 117  78  93  756A1EGB
701010WN01  0075007   0 232 135  89 2435A2EDA
701010WN01  0075008   0   5   0   0   01B1MDE
701010WN01  0075009   0   3   1   0   01A3WFE
701010WN01  0075010   0  12  30   8   31A2WEE
701010WN01  0075011   0   4   5   2   21A1WDE
701010WN01  0075012   0 214  30  76   05A1EDF
701010WN01  0075013   0   2   8   2  204C1AGE
701010WN01  0075014   0   1   0   0   63C3YFE
701010WN01  0075015   0  17  20  36  513C2YEE
701010WN01  0075016   0   3   9   6  163C1YDE
701010WN01  0075017   0  12  45  28  843B2IEE
701010WN01  0075018   0  10  40   6  213B1IDE
701010WN01  0075019   0   0   0   5   63A3AFE
701010WN01  0075020   0  70  38  61 1983A2AEE
701010WN01  0075021   0   7  14   9  223A1ADE
701010WN01  0075022   0   0   0   1   02C2TEE
701010WN01  0075023   0   0   0   2   02B2SEE
701010WN01  0075024   0   0   0   1   02B1SDE
701010WN01  0075025   0   0   0   3   01D2NEE
701010WN01  0075026   0   0   0   2   01D1NDE
701010WN01  0075027   0  12   0   0   01B2MEE
701010WN01  0075028   0   0   7   7  20CC6AT 
701010WN01  0075029   0   0  33  17  28CC5AS 
701010WN01  0075030   0   7  29  35   0CC4AR 
701010WN01  0075031   0  21   0   7   7CC3AQ 
701010WN01  0075032   0  16  46  19   0CC2AP 
701010WN01  0075033   0 229 109 307 260CC1AO 
701010WN01  0075034   0   0   7   7   0CB5OS 
701010WN01  0075035   0   0  70   7   0CB2OP 
701010WN01  0075036   0  28  49  49   0CB1OO 
701010WN01  0075037   0  14   0   0   0CA6UT 
701010WN01  0075038   0   3  28   0   0CA5US 
701010WN01  0075039   0  11   0   0   0CA3UQ 
701010WN01  0075040   0   0   7   0   0CA2UP 
701017WN01  0075000   0   7  28  46   0CC4AR 
701017WN01  0075001   0   0   7   7  13CC6AT 
701017WN01  0075002   0   0  34   8  26CC5AS 
701017WN01  0075003   0  21   0   7   6CC3AQ 
701017WN01  0075004   0  24  41  16   0CC2AP 
701017WN01  0075005   0 221 114 308 270CC1AO 
701017WN01  0075006   0   0   7   7   0CB5OS 
701017WN01  0075007   0   0  70   7   0CB2OP 
701017WN01  0075008   0  28  49  49   0CB1OO 
701017WN01  0075009   0   6  28   0   0CA1US 
701017WN01  0075010   0   6   0   0   0CA4UR 
701017WN01  0075011   0  45  31  59 2043A2AEE
701017WN01  0075012   0   0   1   1  153C1YDE
701017WN01  0075013   0  10  22  29  723B2IEE
701017WN01  0075014   0   8   2  12  203B1IDE
701017WN01  0075015   0   0   1   0   03A3AFE
701017WN01  0075016   0  15   8 125  116B1EHB
701017WN01  0075017   0 109  70 381  686A1EGB
701017WN01  0075018   0 189  98  97 3585A2EDA
701017WN01  0075019   0   1   2   3  323C2YEE
701017WN01  0075020   0 166  77  47   05A1EDF
701017WN01  0075021   0   0   0   6  344C1AGE
701017WN01  0075022   0  26  13  23   0BA1WN 
701017WN01  0075023   0   4  18   9   0BA3ON 
701017WN01  0075024   0   7   0   0   0BA2MN 
701017WN01  0075025   0   8   0   0   0CA3UQ 
701017WN01  0075026   0  12   7   0   0CA2UP 
701017WN01  0075027   0  39  32  56  45BA4AN 
701017WN01  0075028   0  10   3  12  513A1ADE
701017WN01  0075029   0  10   1   6   01A1WDE
701017WN01  0075030   0   0   1   0   01A3WFE
701017WN01  0075031   0  32   6   7   41A2WEE
701017WN01  0075032   0   0   7   0   02C2TEE
701017WN01  0075033   0   3   0   0   01D2JEE
701017WN01  0075034   0  10   0   0   01B2MEE
701024WN01  0075000   0   8   7   7   26B1EHB
701024WN01  0075001   0 250 107 114  736A1EGB
701024WN01  0075002   0  28  15  36  543B2IEE
701024WN01  0075003   0   6   2   0  113C1YDE
701024WN01  0075004   0   0   0   1   23B3IFE
701024WN01  0075005   0 567 133  85 2085A2EDA
701024WN01  0075006   0 159 122 117   05A1EDF
701024WN01  0075007   0   0   5   2  154C1AGE
701024WN01  0075008   0  16   5   5  143C2YEE
701024WN01  0075009   0  14   9   9  103B1IDE
701024WN01  0075010   0  11   6  12  303A1ADE
701024WN01  0075011   0  14  18   0   0CA2UP 
701024WN01  0075012   0   7   0   0   0CA3UQ 
701024WN01  0075013   0   7   0   0   0CA4UR 
701024WN01  0075014   0   7  28   0   0CA5US 
701024WN01  0075015   0   0  13   0   0CA6UT 
701024WN01  0075016   0  28  49  49   0CB1OD 
701024WN01  0075017   0   0  70   7   0CB2OP 
701024WN01  0075018   0   0   7   7   0CB5OS 
701024WN01  0075019   0 225 116 310 271CC1AO 
701024WN01  0075020   0  24  37  21   0CC2AP 
701024WN01  0075021   0  17   1   3   1CC3AQ 
701024WN01  0075022   0   7  38  49   0CC4AR 
701024WN01  0075023   0   0  30   2  22CC5AS 
701024WN01  0075024   0   0   7   7  21CC6AT 
701024WN01  0075025   0   0   0   2   03A3AFE
701024WN01  0075026   0  53  25  16 1003A2AEE
701024WN01  0075027   0   0   0   4   02D2TEE
701024WN01  0075028   0   3   6   0   02A1KDE
701024WN01  0075029   0   0   0   1   02D1TDE
701024WN01  0075030   0   8   6   0   02A2KEE
701024WN01  0075031   0   0   0   0   11D3NFE
701024WN01  0075032   0   0   0   0   71D2NEE
701024WN01  0075033   0   1   1   6   11A1WDE
701024WN01  0075034   0   1   0   0   11D1NDE
701024WN01  0075035   0  26  13  23   0BA1WN 
701024WN01  0075036   0   6   0   0   0BA2MN 
701024WN01  0075037   0   4  18   9   0BA3ON 
701024WN01  0075038   0  39  32  56  45BA4AN 
701024WN01  0075039   0 189  32 161   0CA1UO 
701024WN01  0075040   0   8   0   0   01B2MEE
701024WN01  0075041   0   2   0   1   01A3WFE
701024WN01  0075042   0  17  23  13   61A2WEE
701031WN01  0075000   0 211 121 325 273CC1AO 
701031WN01  0075001   0  40  38  13   0CC2AP 
701031WN01  0075002   0  15   7   6   7CC3AQ 
701031WN01  0075003   0   7  25  39  18CC4AR 
701031WN01  0075004   0   0  26   2  14CC5AS 
701031WN01  0075005   0   0   7   7   3CC6AT 
701031WN01  0075006   0   2   1   3   01A1WDE
701031WN01  0075007   0   3   0   0   01B2MEE
701031WN01  0075008   0  24   5   3   21A2WEE
701031WN01  0075009   0  11   8   0   02A1KDE
701031WN01  0075010   0   2   0   0   01B3MFE
701031WN01  0075011   0   2   0   0   01B1MDE
701031WN01  0075012   0   0   7   0   01A3WFE
701031WN01  0075013   0   0   0   1   0CB6OT 
701031WN01  0075014   0   0   6   7   0CB5OS 
701031WN01  0075015   0   0  89   7   0CB2OP 
701031WN01  0075016   0  28  31  48   0CB1OO 
701031WN01  0075017   0   0  22   0   0CA6UT 
701031WN01  0075018   0   7  28   0   0CA5US 
701031WN01  0075019   0   0   0   0   14C2AHE
701031WN01  0075020   0   0  12   0   02A2KEE
701031WN01  0075021   0  74  31  51   05A1EDF
701031WN01  0075022   0   0  13   4  304C1AGE
701031WN01  0075023   0  16  12  17  713B2IEE
701031WN01  0075024   0   4   7   1  173B1IDE
701031WN01  0075025   0   0   0   1   23C3YFE
701031WN01  0075026   0   0  23  30  773C2YEE
701031WN01  0075027   0   1   8   8  363C1YDE
701031WN01  0075028   0   0   0   0   23B3IFE
701031WN01  0075029   0   1   0   5   03A3AFE
701031WN01  0075030   0  14  24 106 2263A2AEE
701031WN01  0075031   0   6  10  25  413A1ADE
701031WN01  0075032   0   0   0   2   02D2HEE
701031WN01  0075033   0   0   0   1   02D1HDE
701031WN01  0075034   0   0   0   5   02C2TEE
701031WN01  0075035   0   0   0   2   02C1TDE
701031WN01  0075036   0   0   3   0   02A3KFE
701031WN01  0075037   0   7   0   0   0CA4UR 
701031WN01  0075038   0   7   0   0   0CA3UQ 
701031WN01  0075039   0  14  20   0   0CA2UP 
701031WN01  0075040   0 189  21 161   0CA1UO 
701031WN01  0075041   0  39  32  56  45BA4AN 
701031WN01  0075042   0   4  18   9   0BA3ON 
701031WN01  0075043   0   6   0   0   0BA2MN 
701031WN01  0075044   0  26  13  23   0BA1WN 
701031WN01  0075045   0   6  16  16   66B1EHB
701031WN01  0075046   0 119  63 118 1096A1EGB
701031WN01  0075047   0 210 102  23 2375A2EDA
701107WN01  0075000   0   7  22  29  21CC4AR 
701107WN01  0075001   0   0  28   3  12CC5AS 
701107WN01  0075002   0   0   7   7   2CC6AT 
701107WN01  0075003   0  19   7   9   7CC3AQ 
701107WN01  0075004   0  29  43  22   0CC2AP 
701107WN01  0075005   0 218 117 320 276CC1AO 
701107WN01  0075006   0   0   0   1   0CB6OT 
701107WN01  0075007   0   0   0   7   0CB5OS 
701107WN01  0075008   0   0 115   7   0CB2OP 
701107WN01  0075009   0  28  11  41   0CB1OO 
701107WN01  0075010   0   0  28  22   0CA6UT 
701107WN01  0075011   0   7  28   0   0CA5US 
701107WN01  0075012   0   7   0   0   0CA4UR 
701107WN01  0075013   0   7   0   0   0CA3UQ 
701107WN01  0075014   0  14  14   0   0CA2UP 
701107WN01  0075015   0 189  21 139   0CA1UO 
701107WN01  0075016   0  39  32  56  45BA4AN 
701107WN01  0075017   0   4  18   9   0BA3ON 
701107WN01  0075018   0   6   0   0   0BA2MN 
701107WN01  0075019   0   6   3   3   91A2WEE
701107WN01  0075020   0   1   1   0   01A1WDE
701107WN01  0075021   0   1   8   2   02A2KEE
701107WN01  0075022   0   2  14   0   02A1KDE
701107WN01  0075023   0   6   0   0   01B2MEE
701107WN01  0075024   0   2   0   0   01B1MDE
701107WN01  0075025   0   6   4  14  153A1ADE
701107WN01  0075026   0   0   0   2   02D2HEE
701107WN01  0075027   0   0   0   1   02D1HDE
701107WN01  0075028   0   0   0  12   02C2TEE
701107WN01  0075029   0   0   0   3   02C1TDE
701107WN01  0075030   0   2   0   0   02B3SFE
701107WN01  0075031   0   0   0   2   02B2SEE
701107WN01  0075032   0   0   0   1   02A3KFE
701107WN01  0075033   0  26  13  23   0BA1WN 
701107WN01  0075034   0   8   9  11  146B1EHB
701107WN01  0075035   0 114  65 104 1976A1EGB
701107WN01  0075036   0 293 114 151 6325A2EDA
701107WN01  0075037   0 111  24  65   05A1EDF
701107WN01  0075038   0   4   1   0  194C1AGE
701107WN01  0075039   0   0   0   0   33C3YFE
701107WN01  0075040   0  21   6  92 1003A2AEE
701107WN01  0075041   0   0   8  12  353C2YEE
701107WN01  0075042   0   1   6   6  333C1YDE
701107WN01  0075043   0   3   0   0   53B3IFE
701107WN01  0075044   0   6   4  25  663B2IEE
701107WN01  0075045   0   3   2   0  243B1IDE
701107WN01  0075046   0   0   0   0   13A3AFE
701114WN01  0075000   0   5   1   6   21A1WDE
701114WN01  0075001   0   2   0   0   01B1MDE
701114WN01  0075002   0  23   3  12   21A2WEE
701114WN01  0075003   0   0   7   7   0CC6AT 
701114WN01  0075004   0   0  31   3   6CC5AS 
701114WN01  0075005   0   7  32  33   6CC4AR 
701114WN01  0075006   0  14   7  16   7CC3AQ 
701114WN01  0075007   0  35  46  23   0CC2AP 
701114WN01  0075008   0   0  22  35   0CA6WT 
701114WN01  0075009   0 225 107 320 306CC1AO 
701114WN01  0075010   0   0   0   7   0CB5OS 
701114WN01  0075011   0   0 116   7   0CB2OP 
701114WN01  0075012   0  28  10  42   0CB1OO 
701114WN01  0075013   0   3  28   0   0CA5WS 
701114WN01  0075014   0   7   0   0   0CA4WR 
701114WN01  0075015   0   8   0   0   0CA3WQ 
701114WN01  0075016   0  14  14   0   0CA2WP 
701114WN01  0075017   0 192  15 129   0CA1WO 
701114WN01  0075018   0  40  33  57  46BA4AN 
701114WN01  0075019   0   4  18   8   0BA3ON 
701114WN01  0075020   0   6   0   0   0BA2MN 
701114WN01  0075021   0  26   1  23   0BA1WD 
701114WN01  0075022   0  13   6  15  116B1EHB
701114WN01  0075023   0 127  72 102  846A1EGB
701114WN01  0075024   0 255 110  70 2355A2EDA
701114WN01  0075025   0 135  65  66   05A1EDF
701114WN01  0075026   0   0   5   2  224C1AGE
701114WN01  0075027   0   0   1   0   43C3YFE
701114WN01  0075028   0   1   9  12  263C2YEE
701114WN01  0075029   0   1   5   4  193C1YDE
701114WN01  0075030   0   8  17  13  843B2IEE
701114WN01  0075031   0   4   5   6  193B1IDE
701114WN01  0075032   0  67  40  99 1893A2AEE
701114WN01  0075033   0   8   0   0   01B2MEE
701114WN01  0075034   0   8   7   0   02A2KEE
701114WN01  0075035   0   1   9   0   02A1KDE
701114WN01  0075036   0  14   6  12  363A1ADE
701114WN01  0075037   0   1   0   0   02B2SEE
701114WN01  0075038   0   0   0   3   02C2TEE
701114WN01  0075039   0   0   0   2   02C1TDE
701121WN01  0075000   0  32  45  30   5CC2AP 
701121WN01  0075001   0   7  27  35   2CC4AR 
701121WN01  0075002   0  14   7  17   7CC3AQ 
701121WN01  0075003   0   0   7   7   0CC6AT 
701121WN01  0075004   0   0  25   0   7CC5AS 
701121WN01  0075005   0 248 134 338 319CC1AO 
701121WN01  0075006   0  14   0   0   0CA3UQ 
701121WN01  0075007   0  14  14   0   0CA2UP 
701121WN01  0075008   0 175   4 130   0CA1UO 
701121WN01  0075009   0  43  35  61  49BA4AN 
701121WN01  0075010   0   4  18   8   0BA3ON 
701121WN01  0075011   0   6   0   0   0BA2MD 
701121WN01  0075012   0  26   9  25   0BA1WD 
701121WN01  0075013   0   0   0   7   0CB50S 
701121WN01  0075014   0   0  59   7   0CB2OP 
701121WN01  0075015   0  30   5  10   61A2WEE
701121WN01  0075016   0   4   3   2   01A1WDE
701121WN01  0075017   0  28  67  42   0CB1OO 
701121WN01  0075018   0   0  20  45   0CA6UT 
701121WN01  0075019   0  14  28   0   0CA5US 
701121WN01  0075020   0   7   0   0   0CA4UR 
701121WN01  0075021   0   0   0   5   02C1TDE
701121WN01  0075022   0   1   4   0   02A2KEE
701121WN01  0075023   0   0   4   0   02A1KDE
701121WN01  0075024   0   1   0   0   01D1NDE
701121WN01  0075025   0   0   0  10   01C2JEE
701121WN01  0075026   0   0   0   2   01C1JDE
701121WN01  0075027   0   5   0   0   01B2MEE
701121WN01  0075028   0  15   0   0   01B1MDE
701121WN01  0075029   0   4  10  13  413C2YEE
701121WN01  0075030   0  90  32  41   05A1EDF
701121WN01  0075031   0   0   6  10  134C1AGE
701121WN01  0075032   0   8   4   3   66B1EHB
701121WN01  0075033   0 121  47 135 1306A1EGB
701121WN01  0075034   0 245  92  89 2935A2EDA
701121WN01  0075035   0   1   4   2  203C1YDE
701121WN01  0075036   0   0   0  14   02C2TEE
701121WN01  0075037   0  12  40  36 1953A2AEE
701121WN01  0075038   0   8   9   8  283A1ADE
701121WN01  0075039   0   0   0   1   13B3IFE
701121WN01  0075040   0  17  11  26  433B2IEE
701121WN01  0075041   0   8   3  18  113B1IDE
701121WN01  0075042   0   0   0   1   63A3AFE
701128WN01  0075000   0   7  32  39   2CC4AR 
701128WN01  0075001   0   0  21   2   7CC5AS 
701128WN01  0075002   0   0   7   7   0CC6AT 
701128WN01  0075003   0   7   0   0   0CA4UR 
701128WN01  0075004   0  24   5   2   41A2WEE
701128WN01  0075005   0   9   1   1   01A1WDE
701128WN01  0075006   0   8   0   0   01B2MEE
701128WN01  0075007   0   1   0   0   01B1MDE
701128WN01  0075008   0   8   7   7   9CC3AQ 
701128WN01  0075009   0  35  68  40  19CC2AP 
701128WN01  0075010   0 251 110 332 313CC1AO 
701128WN01  0075011   0   0   0   7   0CB5OS 
701128WN01  0075012   0   0  14   7   0CB2OP 
701128WN01  0075013   0  28 112  42   0CB1OO 
701128WN01  0075014   0   0  20  49   0CA6UT 
701128WN01  0075015   0  14  28   0   0CA5US 
701128WN01  0075016   0  14   0   0   0CA3UQ 
701128WN01  0075017   0  14  14   0   0CA2UP 
701128WN01  0075018   0 175   0 126   0CA1UO 
701128WN01  0075019   0  43  35  61  50BA4AN 
701128WN01  0075020   0   4  18   8   0BA3ON 
701128WN01  0075021   0   6   0   0   0BA2MN 
701128WN01  0075022   0  26   9  25   0BA1WN 
701128WN01  0075023   0  37  10   1   76B1EHB
701128WN01  0075024   0 196 122 104 1296A1EGB
701128WN01  0075025   0 242 170  75 4195A2EDA
701128WN01  0075026   0 128  40  63   05A1EDF
701128WN01  0075027   0   2   1  16  314C1AGE
701128WN01  0075028   0   0   0   0   43C3YFE
701128WN01  0075029   0   6   8  15  753C2YEE
701128WN01  0075030   0   0   6  13  413C1YDE
701128WN01  0075031   0   2   1   0   13B3IFE
701128WN01  0075032   0  45  10 103 2033A2AEE
701128WN01  0075033   0  20  20  32 1213B2IEE
701128WN01  0075034   0   6  10  16  503B1IDE
701128WN01  0075035   0   5   8  24  403A1ADE
701128WN01  0075036   0   0   0   2   02C2TEE
701128WN01  0075037   0   0   0   1   02C1TDE
701128WN01  0075038   0   0   0   1   02B2SEE
701128WN01  0075039   0   0   1   0   02A3KFE
701128WN01  0075040   0   4  12   0   02A2KEE
701128WN01  0075041   0   1   3   0   02A1KDE
701128WN01  0075042   0   1   0   0   01D2NEE
701205WN01  0075000   0   0   4   7   0CC6AT 
701205WN01  0075001   0   3   0   0   01B1MDE
701205WN01  0075002   0  16   0   0   01B2MEE
701205WN01  0075003   0  33  32  30   5CC2AP 
701205WN01  0075004   0 247 164 339 336CC1AO 
701205WN01  0075005   0  28  96  42   0CB1OO 
701205WN01  0075006   0   0  14  49   0CA6UT 
701205WN01  0075007   0   0   8   2   2CC5AS 
701205WN01  0075008   0   7  27  45   0CC4AR 
701205WN01  0075009   0  14   7   7   7CC3AQ 
701205WN01  0075010   0   0   0   7   0CB5OS 
701205WN01  0075011   0   0  30   7   0CB2OP 
701205WN01  0075012   0  29  17   5   21A2WEE
701205WN01  0075013   0   9   0   1   11A1WDE
701205WN01  0075014   0  14  28   0   0CA5US 
701205WN01  0075015   0   7   0   0   0CA4UR 
701205WN01  0075016   0 175   0 115   0CA1UO 
701205WN01  0075017   0  14   0   0   0CA3UQ 
701205WN01  0075018   0  14  14   0   0CA2UP 
701205WN01  0075019   0  43  35  61  50BA4AN 
701205WN01  0075020   0   4  18   8   0BA3DN 
701205WN01  0075021   0   6   0   0   0BA2MN 
701205WN01  0075022   0  26   8  23   0BA1WN 
701205WN01  0075023   0 120  18  64   05A1EDF
701205WN01  0075024   0   0   2   1   14C2AHE
701205WN01  0075025   0   2  20  30  194C1AGE
701205WN01  0075026   0   0   0   0   53C3YFE
701205WN01  0075027   0   6  15  30  513C2YEE
701205WN01  0075028   0   2  15  11  243C1YDE
701205WN01  0075029   0   0   0   3   33B31FE
701205WN01  0075030   0  25  66  44 1453B21EE
701205WN01  0075031   0  18  24  15  443B11DE
701205WN01  0075032   0  16  20  73 2703A2AEE
701205WN01  0075033   0   6   2  30  363A1ADE
701205WN06  0075000   0  15  15  13  676B1EHB
701212WN01  0075000   0   0   0   7   0CC6AT 
701212WN01  0075001   0  12   0   0   01B2MEE
701212WN01  0075002   0   3   0   0   01B1MDE
701212WN01  0075003   0  25  12   3   41A2WEE
701212WN01  0075004   0   6   3   3   11A1WDE
701212WN01  0075005   0 283 204  79 4225A2EDA
701212WN01  0075006   0   0   9   0   02A1KDE
701212WN01  0075007   0   7  74  48   05A1EDF
701212WN01  0075008   0   0   1   0   13C3YFE
701212WN01  0075009   0   1  19   5  573C2YEE
701212WN01  0075010   0   4   6   0   02A2KEE
701212WN01  0075011   0   6   0   0   0BA2WN 
701212WN01  0075012   0  26   6  18   0BA1WN 
701212WN01  0075013   0   0   6   4  233C1YDE
701212WN01  0075014   0   1   0   0   04C2AHE
701212WN01  0075015   0   3   9   2  454C1AGE
701212WN01  0075016   0  22   5  47  266B1EHB
701212WN01  0075017   0 171  92  66 1656A1EGB
701212WN01  0075018   0  17  26  24  783B2IEE
701212WN01  0075019   0   3   9   4  213B1IDE
701212WN01  0075020   0  56  15  67 1573A2AEE
701212WN01  0075021   0  10  11  34  173A1ADE
701212WN01  0075022   0   0   0   3   02C2TEE
701212WN01  0075023   0   0   0   4   02B2SEE
701212WN01  0075024   0   0  24   3   2CC5AS 
701212WN01  0075025   0  28  52  42   0CB1OO 
701212WN01  0075026   0   0   0   7   0CB5OS 
701212WN01  0075027   0   0  74   7   0CB2OP 
701212WN01  0075028   0   7  21  47   0CC4AR 
701212WN01  0075029   0 247 143 345 333CC1AO 
701212WN01  0075030   0  13   7   7   7CC3AQ 
701212WN01  0075031   0  34  43  25   8CC2AP 
701212WN01  0075032   0   0   0  14   0CA6UT 
701212WN01  0075033   0  14  21   0   0CA5US 
701212WN01  0075034   0  43  34  62  50BA4AN 
701212WN01  0075035   0   4  18   8   0BA3WN 
701212WN01  0075036   0   7   0   0   0CA4UR 
701212WN01  0075037   0  14   0   0   0CA3UQ 
701212WN01  0075038   0  14  21   0   0CA2UP 
701212WN01  0075039   0 175   0 112   0CA1UO 
701219WN01  0075000   0   0   0   7   0CC6AT 
701219WN01  0075001   0   0  25   2   0CC5AS 
701219WN01  0075002   0   7  28  45   0CC4AR 
701219WN01  0075003   0   7   7   0   7CC3AQ 
701219WN01  0075004   0  30  39  52   5CC2AP 
701219WN01  0075005   0 257 139 328 338CC1AO 
701219WN01  0075006   0   0   6   7   0CB5OS 
701219WN01  0075007   0   0  83   7   0CB2OP 
701219WN01  0075008   0   7   0   0   0CA4UR 
701219WN01  0075009   0  20  37  42   0CB1OO 
701219WN01  0075010   0  14  21   0   0CA5US 
701219WN01  0075011   0  26   6  16   0BA1WD 
701219WN01  0075012   0   7   2   4   41A1WDE
701219WN01  0075013   0   0   0   0   03C3YFE
701219WN01  0075014   0   8   2   2  733C2YEE
701219WN01  0075015   0  14   0   0   0CA3UQ 
701219WN01  0075016   0  14  21   0   0CA2UP 
701219WN01  0075017   0 175   0 112   0CA1UO 
701219WN01  0075018   0  43  34  62  50BA4AN 
701219WN01  0075019   0   4  18   8   0BA3ON 
701219WN01  0075020   0   6   0   0   0BA2MD 
701219WN01  0075021   0  18   7   3  526B1EHB
701219WN01  0075022   0 171  79  95 2736A1EGB
701219WN01  0075023   0 259 193  63 5095A2EDA
701219WN01  0075024   0 161  71  62   05A1EDF
701219WN01  0075025   0   3   3   6  264C1AGE
701226WN01  0075000   0  10   7  11  283B1IDE
701226WN01  0075001   0  24  25  24 1203B2IEE
701226WN01  0075002   0  56  11  61  923A2AEE
701226WN01  0075003   0  15   2   5  376B1EHB
701226WN01  0075004   0 154  19  93 1256A1EGB
701226WN01  0075005   0 304 125  69 4285A2EDA
701226WN01  0075006   0 141  21  45   05A1EDF
701226WN01  0075007   0   0   1   0   04C2ANE
701226WN01  0075008   0   4  13   4  213C1YDE
701226WN01  0075009   0   1   9   0  134C1AGE
701226WN01  0075010   0  16  13  12  433C2YEE
701226WN01  0075011   0   7   0   0   0CA4UR 
701226WN01  0075012   0 150   0  96   0CA1UD 
701226WN01  0075013   0  14   0   0   0CA3UQ 
701226WN01  0075014   0  39  21  16   0CA2UP 
701226WN01  0075015   0   6   0   0   0BA2MN 
701226WN01  0075016   0  43  34  62  50BA4AN 
701226WN01  0075017   0   4  18   8   0BA3ON 
701226WN01  0075018   0  26   6  16   0BA1WD 
701226WN01  0075019   0  15   6  24  103A1ADE
701226WN01  0075020   0   0   0   1   02C2TEE
701226WN01  0075021   0   0   6   0   02A1KDE
701226WN01  0075022   0   1   3   0   02A2KEE
701226WN01  0075023   0   8   0   0   01B2MEE
701226WN01  0075024   0   1   0   0   01B1MDE
701226WN01  0075025   0  19   4  11   11A2WEE
