660806W001  0065000   0   0   0   888     0     08C1
660806W001  0065001   0   0 343     0     0     07A1
660806W001  0065002   0   0   03135961414471376898A1
660806W001  0065003   0   0   0   849     0     08B1
660813W002  0065000   0 376 690     0     0     07A1
660813W002  0065001   0   0   03135961411031371988A1
660813W002  0065002   0   0   0  1290     0     08B1
660813W002  0065003   0   0   0  1356     0     08C1
660820W003  0065000   0 155 613     0     0     07A1
660820W003  0065001   0   0   03143741411031371988A1
660820W003  0065002   0   0   0  1066     0     08B1
660820W003  0065003   0   0   0   824     0     08C1
660827W004  0065000   0 125 381     0     0     07A1
660827W004  0065001   0   0   03174021412871387398A1
660827W004  0065002   0   0   0  1151     0     08B1
660827W004  0065003   0   0   0   775     0     08C1
660903W001  0065000   0   0   03174021412871387398A1
660903W001  0065001   0   0   0     0  1163     08C1
660903W001  0065002   0   0   0     0   917     08B1
660903W001  0065003   0 674 503     0     0     07A1
660910W002  0065000   0   0   03194521422691393478A 
660910W002  0065001   0   0   0   795     0     08C 
660910W002  0065002   0   0   0   895     0     08B 
660910W002  0065003   0 364 516     0     0     07A1
660917W003  0065000   0   0   03197111422691393478A 
660917W003  0065001   0   0   0  1109     0     08B 
660917W003  0065002   0   0   0   951     0     08C 
660917W003  0065003   0 156 286     0     0     07A1
660924W004  0065000   0   0   03198681422691393578A 
660924W004  0065001   0 764 604     0     0     07A1
660924W004  0065002   0   0   0   991     0     08B1
660924W004  0065003   0   0   0   689     0     08C1
661001W001  0065000   0   0   0  1274     0     08C 
661001W001  0065001   0   0   03198681435321396838A 
661001W001  0065002   0   0   0   986     0     08B 
661001W001  0065003   0 512 690     0     0     07A1
661008W002  0065000   0   0   03204881435321396838A1
661008W002  0065001   0   0   0   921     0     08B1
661008W002  0065002   0   0   0  2423     0     08C1
661008W002  0065003   0 297 612     0     0     07A1
661015W003  0065000   0 154 406     0     0     07A1
661015W003  0065001   0   0   03206481435321396838A1
661015W003  0065002   0   0   0  2084     0     08B1
661015W003  0065003   0   0   0  1867     0     08C1
661022W004  0065000   0   0   03221251435321396838A1
661022W004  0065001   0   0   0  1334     0     08B1
661022W004  0065002   0   0   0   854     0     08C1
661022W004  0065003   0 206 328     0     0     07A1
661029W005  0065000   0 331 589     0     0     07A1
661029W005  0065001   0   0   03221251456861397918A1
661029W005  0065002   0   0   0  1554     0     08B1
661029W005  0065003   0   0   0   766     0     08C1
661105W001  0065000   0 622 372     0     0     07A1
661105W001  0065001   0   0   03221251445211399258A1
661105W001  0065002   0   0   0   551     0     08B1
661105W001  0065003   0   0   0   850     0     08C1
661112W002  0065000   0 302 503     0     0     07A1
661112W002  0065001   0   0   03221251454731405668A1
661112W002  0065002   0   0   0   782     0     08B1
661112W002  0065003   0   0   0   891     0     08C1
661119W003  0065000   0   0   0   827     0     08C1
661119W003  0065001   0 108 305     0     0     07A1
661119W003  0065002   0   0   03221251454731425778A1
661119W003  0065003   0   0   0   711     0     08B1
661126W004  0065000   0 219 540     0     0     07A1
661126W004  0065001   0   0   03195611488681451808A1
661126W004  0065002   0   0   0   880     0     08B1
661126W004  0065003   0   0   0   862     0     08C1
661203W001  0065000   0 257 695     0     0     07A1
661203W001  0065001   0   0   03195611488681451808A1
661203W001  0065002   0   0   0   892     0     08B1
661203W001  0065003   0   0   0   529     0     08C1
661210W002  0065000   0 108 226     0     0     07A1
661210W002  0065001   0   0   03200541494921469538A1
661210W002  0065002   0   0   0   936     0     08B1
661210W002  0065003   0   0   0   475     0     08C1
661217W003  0065000   0 112 338     0     0     07A1
661217W003  0065001   0   0   03194431494921469538A1
661217W003  0065002   0   0   0   658     0     08B1
661217W003  0065003   0   0   0   441     0     08C1
661224W004  0065000   0 171 445     0     0     07A1
661224W004  0065001   0   0   03213081491941491778A1
661224W004  0065002   0   0   0   689     0     08B1
661224W004  0065003   0   0   0   878     0     08C1
661231W005  0065000   0 429 364     0     0     07A1
661231W005  0065001   0   0   03213081491941491778A1
661231W005  0065002   0   0   0   435     0     08B1
661231W005  0065003   0   0   0   539     0     08C1
670107W001  0065000   0 236 424     0     0     07A1
670107W001  0065001   0   0   03212601491941499968A1
670107W001  0065002   0   0   0   514     0     08B1
670107W001  0065003   0   0   0   100     0     08C1
670114W002  0065000   0 329 443     0     0     07A1
670114W002  0065001   0   0   03215791507041499968A1
670114W002  0065002   0   0   0   385     0     08B1
670114W002  0065003   0   0   0   594     0     08C1
670121W003  0065000   0 277 374     0     0     07A1
670121W003  0065001   0   0   03215791507041499968A1
670121W003  0065002   0   0   0   844     0     08B1
670121W003  0065003   0   0   0   908     0     08C1
670128W004  0065000   0 500 454     0     0     07A1
670128W004  0065001   0   0   03229431498441500968A1
670128W004  0065002   0   0   0   331     0     08B1
670128W004  0065003   0   0   0   646     0     08C1
670204W001  0065000   0 455 499     0     0     07A1
670204W001  0065001   0   0   03229431498441500968A1
670204W001  0065002   0   0   0   676     0     08B1
670204W001  0065003   0   0   0   918     0     08C1
670211W002  0065000   0 193 384     0     0     07A1
670211W002  0065001   0   0   0322025 148681484838A1
670211W002  0065002   0   0   0   144     0     08B1
670211W002  0065003   0   0   0   556     0     08C1
670218W007  0065000   0 834 616     0     0     07A1
670218W007  0065001   0   0   03220251498681484838A1
670218W007  0065002   0   0   0   417     0     08A2
670218W007  0065003   0   0   0  1194     0     08A3
670225W004  0065000   0 593 568     0     0     07A1
670225W004  0065001   0   0   03220251498681484838A1
670225W004  0065002   0   0   0   148     0     08B1
670225W004  0065003   0   0   0   800     0     08C1
670304W005  0065000   0 491 488     0     0     07A1
670304W005  0065001   0   0   03204821458501474368A1
670304W005  0065002   0   0   0   925     0     08C1
670304W005  0065003   0   0   0   614     0     08B1
670311W001  0065000   0 241 359     0     0     07A1
670311W001  0065001   0   0   03204821448101467738A1
670311W001  0065002   0   0   0   788     0     08C1
670311W001  0065003   0   0   0   850     0     08B1
670318W002  0065000   0 478 323     0     0     07A1
670318W002  0065001   0   0   0  1202     0     08B1
670318W002  0065002   0   0   0  1082     0     08C1
670318W002  0065003   0   0   03196471448871467738A1
670325W003  0065000   0 469 580     0     0     07A1
670325W003  0065001   0   0   03186261448871467738A1
670325W003  0065002   0   0   0     0     0     08B1
670325W003  0065003   0   0   0     0     0     08C1
670401W004  0065000   0 356 620     0     0     07A1
670401W004  0065001   0   0   03186261437551459608A1
670401W004  0065002   0   0   0  1990     0     08B1
670401W004  0065003   0   0   0   382     0     08C1
670408W001  0065000   0 244 436     0     0     07A1
670408W001  0065001   0   0   03194181428721447778A1
670408W001  0065002   0   0   0     0     0     08B1
670408W001  0065003   0   0   0     0     0     08C1
670415W002  0065000   0 287 355     0     0     07A1
670415W002  0065001   0   0   03194181428721447778A1
670415W002  0065002   0   0   0  1814     0     08B1
670415W002  0065003   0   0   0  2518     0     08C1
670422W003  0065000   0 287 232     0     0     07A1
670422W003  0065001   0   0   03194181428721447778A1
670422W003  0065002   0   0   0   621     0     08B1
670422W003  0065003   0   0   0   599     0     08C1
670429W004  0065000   0 162 498     0     0     07A1
670429W004  0065001   0   0   03196861417721436578A1
670429W004  0065002   0   0   0  1147     0     08B1
670429W004  0065003   0   0   0  1048     0     08C1
670506W005  0065000   0 111 584     0     0     07A1
670506W005  0065001   0   0   03196861417721436578A1
670506W005  0065002   0   0   0   518     0     08B1
670506W005  0065003   0   0   0  1045     0     08C1
670513W002  0065000   0 846 648     0     0     07A1
670513W002  0065001   0   0   03220501413731427648A1
670513W002  0065002   0   0   0   426     0     08B1
670513W002  0065003   0   0   0   940     0     08C1
670520W003  0065000   0   0 362     0     0     07A1
670520W003  0065001   0   0   03218961420181424918A1
670520W003  0065002   0   0   0   784     0     08B1
670520W003  0065003   0   0   0  1283     0     08C1
670527W004  0065000   0 421 458     0     0     07A1
670527W004  0065001   0   0   03218961420181424918A1
670527W004  0065002   0   0   0   667     0     08B1
670527W004  0065003   0   0   0   789     0     08C1
670603W001  0065000   0   0   03218961420181424918A1
670603W001  0065001   0   0   0   802     0     08B1
670603W001  0065002   0   0   0  1099     0     08C1
670603W001  0065003   0 489 538     0     0     07A1
670610W001  0065000   0 252 335     0     0     07A1
670610W001  0065001   0   0   03227831422881411998A1
670610W001  0065002   0   0   0   619     0     08B1
670610W001  0065003   0   0   0   392     0     08C1
670617W002  0065000   0 390 465     0     0     07A1
670617W002  0065001   0   0   03227831422881411998A1
670617W002  0065002   0   0   0   775     0     08B1
670617W002  0065003   0   0   0  1343     0     08C1
670624W003  0065000   0 358 550     0     0     07A1
670624W003  0065001   0   0   03240381418751412618A1
670624W003  0065002   0   0   0   790     0     08B1
670624W003  0065003   0   0   0   911     0     08C1
670701W004  0065000   0 488 572     0     0     07A1
670701W004  0065001   0   0   03240381418751412618A1
670701W004  0065002   0   0   0   872     0     08B1
670701W004  0065003   0   0   0  1330     0     08C1
670708W001  0065000   0 292 524     0     0     07A1
670708W001  0065001   0   0   03261571418751412618A1
670708W001  0065002   0   0   0   892     0     08B1
670708W001  0065003   0   0   0   594     0     08C1
670715W002  0065000   01518 509     0     0     07A1
670715W002  0065001   0   0   03261571411191407688A1
670715W002  0065002   0   0   0   761     0     08B1
670715W002  0065003   0   0   0   879     0     08C1
670722W003  0065000   0 431 605     0     0     07A1
670722W003  0065001   0   0   03267411411191407688A1
670722W003  0065002   0   0   0   766     0     08B1
670722W003  0065003   0   0   0   909     0     08C1
670729W004  0065000   0 394 610     0     0     07A1
670729W004  0065001   0   0   03267411412711413398A1
670729W004  0065002   0   0   0   920     0     08B1
670729W004  0065003   0   0   0   617     0     08C1
670805W005  0065000   0 652 400     0     0     07A1
670805W005  0065001   0   0   03267411412711413398A1
670805W005  0065002   0   0   0   588     0     08B1
670805W005  0065003   0   0   0   423     0     08C1
670812W001  0065000   0 194 325     0     0     07A1
670812W001  0065001   0   0   03291101415751413398A1
670812W001  0065002   0   0   0  1363     0     08B1
670812W001  0065003   0   0   0  1196     0     08C1
670819W002  0065000   0 419 514     0     0     07A1
670819W002  0065001   0   0   03291101415751404898A1
670819W002  0065002   0   0   0   910     0     08B1
670819W002  0065003   0   0   0   946     0     08C1
670826W003  0065000   03425 673     0     0     07A1
670826W003  0065001   0   0   03277611420361408898A1
670826W003  0065002   0   0   0  1119     0     08B1
670826W003  0065003   0   0   0   776     0     08C1
670902W004  0065000   0 774 233     0     0     07A1
670902W004  0065001   0   0   03277611428361408898A1
670902W004  0065002   0   0   0   834     0     08B1
670902W004  0065003   0   0   0  1328     0     08C1
670909W001  0065000   0 369 404     0     0     07A1
670909W001  0065001   0   0   03277611425291408898A1
670909W001  0065002   0   0   0  1007     0     08B1
670909W001  0065003   0   0   0   556     0     08C1
670916W002  0065000   0 233 436     0     0     07A1
670916W002  0065001   0   0   03292791425291408108A1
670916W002  0065002   0   0   0   737     0     08C1
670916W002  0065003   0   0   0   813     0     08B1
670923W003  0065000   0 848 435     0     0     07A1
670923W003  0065001   0   0   03297751432841408108A1
670923W003  0065002   0   0   0     0     0     08B1
670923W003  0065003   0   0   0     0     0     08C1
670930W004  0065000   01233 404     0     0     07A1
670930W004  0065001   0   0   03297751432841405838A1
670930W004  0065002   0   0   0   863     0     08B1
670930W004  0065003   0   0   0  1780     0     08C1
671007W001  0065000   0 262 392     0     0     07A1
671007W001  0065001   0   0   03297751432841405838A1
671007W001  0065002   0   0   0  1217     0     08B1
671007W001  0065003   0   0   0  1174     0     08C1
671014W002  0065000   0 599 384     0     0     07A1
671014W002  0065001   0   0   03324011423901402648A1
671014W002  0065002   0   0   0   424     0     08B1
671014W002  0065003   0   0   0  1756     0     08C1
671021W003  0065000   02637 509     0     0     07A1
671021W003  0065001   0   0   03324011423901402648A1
671021W003  0065002   0   0   0   993     0     08B1
671021W003  0065003   0   0   0  2564     0     08C1
671028W004  0065000   0 345 311     0     0     07A1
671028W004  0065001   0   0   03324011426151406158A1
671028W004  0065002   0   0   0  1034     0     08B1
671028W004  0065003   0   0   0  3050     0     08C1
671104W005  0065000   0 849 753     0     0     07A1
671104W005  0065001   0   0   03324011426151406158A1
671104W005  0065002   0   0   0   545     0     08B1
671104W005  0065003   0   0   0  1003     0     08C1
671111W001  0065000   0   0   03355621426151445718A1
671111W001  0065001   0   0   0   796     0     08B1
671111W001  0065002   0   0   0  1202     0     08C1
671111W001  0065003   0 283 380     0     0     07A1
671118W002  0065000   0 220 297     0     0     07A1
671118W002  0065001   0   0   03355621426151445718A1
671118W002  0065002   0   0   0  1789     0     08B1
671118W002  0065003   0   0   0  2210     0     08C1
671125W003  0065000   0 334 395     0     0     07A1
671125W003  0065001   0   0   03356201445911445718A1
671125W003  0065002   0   0   0  1096     0     08B1
671125W003  0065003   0   0   0  2679     0     08C1
671202W004  0065000   0 234 276     0     0     07A1
671202W004  0065001   0   0   03356201452381441318A1
671202W004  0065002   0   0   0  1775     0     08B1
671202W004  0065003   0   0   0   298     0     08C1
671209W001  0065000   0 234 357     0     0     07A1
671209W001  0065001   0   0   03356201452381441318A1
671209W001  0065002   0   0   0  1149     0     08B1
671209W001  0065003   0   0   0   449     0     08C1
671216W002  0065000   0 172 407     0     0     07A1
671216W002  0065001   0   0   03368441457231448278A1
671216W002  0065002   0   0   0  1060     0     08B1
671216W002  0065003   0   0   0  1019     0     08C1
671223W003  0065000   0   0   03402621457231448278A1
671223W003  0065001   0 385 426     0     0     07A1
671223W003  0065002   0   0   0   962     0     08B1
671223W003  0065003   0   0   0  1068     0     08C1
671230W004  0065000   0 354 386     0     0     07A1
671230W004  0065001   0   0   03402621457231461178A1
671230W004  0065002   0   0   0   515     0     08B1
671230W004  0065003   0   0   0   639     0     08C1
