660806W001  0075000   0  59 370   6   01A1UD 
660806W001  0075001   0   0   6   0   02A1KD 
660806W001  0075002   0   8   8   8  203C1YDV
660806W001  0075003   0   7   1  29  173A1ADV
660806W001  0075004   0   8   5  20  153B21EV
660806W001  0075005   0   0   3  44   13B31FV
660806W001  0075006   0   4   6  15  123B11DV
660806W001  0075007   0   0   0   0  675B1EJ 
660806W001  0075008   0   0   0   0   75B2EK 
660806W001  0075009   0   0   0   0   75B3V  
660806W001  0075010   0   0   0   0   85B4V  
660806W001  0075011   0   0   0   2   03A3AFV
660806W001  0075012   0  16  19  11  333C2YEV
660806W001  0075013   0  18   4  27  533A2AEV
660806W001  0075014   0   1   2   0  113C3YFV
660806W001  0075015   0  62  48 151 1523D1A  
660806W001  0075016   0   0   0   0  895B5V  
660806W001  0075017   0  46  39  33  766A1VG 
660806W001  0075018   0  10  10   2   86B1VH 
660806W001  0075019   0  56  49  35  846C1V  
660806W001  0075020   0 167 589  86 1335A1EDB
660806W001  0075021   0  27  21   7  245A2EDA
660806W001  0075022   0   0   0   0 2065A3EI 
660806W001  0075023   0 194 610  93 1575A4V  
660806W001  0075024   0   8  13  82  164C1BG 
660806W001  0075025   0   7  13  78  164A1BG 
660806W001  0075026   0   1   0   4   04B1BG 
660813W002  0075000   0   1   0   0   02A2SE 
660813W002  0075001   0  67 311   5   01A1UD 
660813W002  0075002   0  13  48   0   02A1KD 
660813W002  0075003   0  21   6  17   93A1ADV
660813W002  0075004   0   0   0   0  665B1EJ 
660813W002  0075005   0   0   0   0   25B2EK 
660813W002  0075006   0   0   0   0   35B3V  
660813W002  0075007   0   0   0   0   95B4V  
660813W002  0075008   0   0   0   0  805B5V  
660813W002  0075009   0  82  96  27 1126A1VG 
660813W002  0075010   0   8  22   4   26B1VH 
660813W002  0075011   0  90 118  31 1146C1V  
660813W002  0075012   0  89  26  43  303A2AEV
660813W002  0075013   0   1   1   5  233B11DV
660813W002  0075014   0 142  83 103 1613D1A  
660813W002  0075015   0   2   0   0   03C3YF 
660813W002  0075016   0   1   0  16   93B31F 
660813W002  0075017   0   3  16   6  203C1YD 
660813W002  0075018   0  21  34  10  403C2YE 
660813W002  0075019   0   4   0   6  303B2AE 
660813W002  0075020   0 546 533 149 2695A1EDB
660813W002  0075021   0  68 116  19  645A2EDA
660813W002  0075022   0   0   0   0 1745A3EI 
660813W002  0075023   0 614 649 168 5105A4V  
660813W002  0075024   0   8  26  24  334A1BG 
660813W002  0075025   0   3   0   0   04B1BG 
660813W002  0075026   0   8  29  24  334C1BG 
660820W003  0075000   0   5  11   0   02A1KD 
660820W003  0075001   0  18  52   0   02A2SE 
660820W003  0075002   0  85 416   6   01A1UD 
660820W003  0075003   0  30   1  11   43B11D 
660820W003  0075004   0   7  29  26  305B5V  
660820W003  0075005   0   7  25  21  195B1EJ 
660820W003  0075006   0   0   0   1   05B2EK 
660820W003  0075007   0  20   2  25  183B21E 
660820W003  0075008   0   6   1   1   03B31F 
660820W003  0075009   0  21  41  21  453C2YE 
660820W003  0075010   0   0   5   2   53C3YF 
660820W003  0075011   0   0   0   0   85B3V  
660820W003  0075012   0   0   4   4   35B4V  
660820W003  0075013   0  49   2   9   43A1AD 
660820W003  0075014   0 127  26  40  283A2AE 
660820W003  0075015   0  13   0   0   03A3AF 
660820W003  0075016   0 269 125 130 1393D1A  
660820W003  0075017   0   3  47  21  353C1YD 
660820W003  0075018   0  79  42  96  876A1VG 
660820W003  0075019   0  20   3   3   36B1VH 
660820W003  0075020   0  99  45  99  906C1V  
660820W003  0075021   0 826 372 458 2215A1EDB
660820W003  0075022   0  75  43  31  925A2EDA
660820W003  0075023   0   8  57  60  625A3EI 
660820W003  0075024   0 909 472 549 3755A4V  
660820W003  0075025   0 101  29  56  254A1BG 
660820W003  0075026   0   4   0   0   04B1BG 
660820W003  0075027   0 105  29  56  254C1BG 
660827W004  0075000   0   4  13   0   02A1KD 
660827W004  0075001   0   1   1   0   02A2SE 
660827W004  0075002   0   0   6   4  183C3YF 
660827W004  0075003   0 120 708   1   01A1UD 
660827W004  0075004   0  24  12  32  393C2YE 
660827W004  0075005   0  88  49  74  366A1VG 
660827W004  0075006   0   6   5   7   36B1VH 
660827W004  0075007   0  94  54  81  396C1V  
660827W004  0075008   0 103 128 140 2873D1A  
660827W004  0075009   0   0   0   0  285B3V  
660827W004  0075010   0   0   0   0   35B4V  
660827W004  0075011   0   0   0   0  875B5V  
660827W004  0075012   0   0   0   0  515B1EJ 
660827W004  0075013   0   0   0   0   55B2EK 
660827W004  0075014   0   8   3  22  333A1AD 
660827W004  0075015   0  29  20  56  783A2AE 
660827W004  0075016   0   0   0   0   23A3AF 
660827W004  0075017   0   9  49   0   43B11D 
660827W004  0075018   0  13  18   5  493B21E 
660827W004  0075019   0  10   0   0  383B31F 
660827W004  0075020   0  10  20  21  263C1YD 
660827W004  0075021   0 524 162 236 2245A1EDB
660827W004  0075022   0  72  82  66  325A2EDA
660827W004  0075023   0   0   0   0 1745A3EI 
660827W004  0075024   0 596 244 302 2565A4V  
660827W004  0075025   0   3  85  30  964C1BG 
660827W004  0075026   0   0   0   4   24B1BG 
660827W004  0075027   0   3  85  26  944A1BG 
660903W001  0075000   0   4  15   0   02A1KD 
660903W001  0075001   0   3   0   2   03A3AF 
660903W001  0075002   0   9   1  19  143C1YD 
660903W001  0075003   0   0   0   0  115B2EK 
660903W001  0075004   0   0   0   0  585B5V  
660903W001  0075005   0  60  33  62 1666A1VG 
660903W001  0075006   0   6   0   7  106B1VH 
660903W001  0075007   0  66  33  69 1766C1V  
660903W001  0075008   0  21  16  68  273C2YE 
660903W001  0075009   0  13   0   0   23C3YF 
660903W001  0075010   0  21 175   7   01A1UD 
660903W001  0075011   0  20   7  12   63A1AD 
660903W001  0075012   0  37   8  40  123A2AE 
660903W001  0075013   0   4   0   5  123B11D 
660903W001  0075014   0   6  10  40  203B21E 
660903W001  0075015   0   0   0   0   33B31F 
660903W001  0075016   0   0   0   0  415B1EJ 
660903W001  0075017   0 353  89 167 2815A1EDB
660903W001  0075018   0  35  16  65  455A2EDA
660903W001  0075019   0   0   0   0 1085A3EI 
660903W001  0075020   0 388 105 232 4345A4V  
660903W001  0075021   0  20   3  11  174A1BG 
660903W001  0075022   0  20   3  11  174C1BG 
660910W002  0075000   0  17  24  13  323A1ADV
660910W002  0075001   0 104  33  58 1023A2AEV
660910W002  0075002   0   0   7   0   03A3AFV
660910W002  0075003   0   1  12  14   53B11DV
660910W002  0075004   0   5  12  33  263B21EV
660910W002  0075005   0   0   0   0   63B31FV
660910W002  0075006   0   7   8  19  223C1YDV
660910W002  0075007   0  16  11  42  463C2YEV
660910W002  0075008   0   0   4  17   03C3YFV
660910W002  0075009   0   0   0   0  515B1EJB
660910W002  0075010   0   0   0   0  115B2EKB
660910W002  0075011   0   0   0   0  625B5V B
660910W002  0075012   0   0   3   1   04B1BG 
660910W002  0075013   0  74  55  34 2046A1VG 
660910W002  0075014   0   7   5   1  176B1VH 
660910W002  0075015   0  81  60  35 2216C1V  
660910W002  0075016   0  55 592   1   01A1UD 
660910W002  0075017   0   3  17   0   02A1KD 
660910W002  0075018   0   6  43  44  164C1BG 
660910W002  0075019   0 150 114 199 2333D1A  
660910W002  0075020   0 416 133 166 4725A1EDB
660910W002  0075021   0  45  38  29 1165A2EDA
660910W002  0075022   0   0   0   0 1425A3EI 
660910W002  0075023   0 461 171 195 5885A4V  
660910W002  0075024   0   6  40  43  164A1BG 
660917W003  0075000   0  17  58  21  133A1ADV
660917W003  0075001   0  47  76  57  283A2AEV
660917W003  0075002   0   0  37   0  103A3AFV
660917W003  0075003   0   3   2  13   33B11DV
660917W003  0075004   0   1  10  29  103B21EV
660917W003  0075005   0   6   4   6  263C1YDV
660917W003  0075006   0   2   0   0   43C3YFV
660917W003  0075007   0   2  18   0   02A1KD 
660917W003  0075008   0  30  37  55  405B1EJ 
660917W003  0075009   0   6   6   9   65B2EK 
660917W003  0075010   0  36  43  64  465B5V  
660917W003  0075011   0  64 117  54  676C1V  
660917W003  0075012   0   2  12   1   36B1VH 
660917W003  0075013   0  62 105  53  646A1VG 
660917W003  0075014   0 219 161 132 2075A1EDB
660917W003  0075015   0   1  14  11  275A2EDA
660917W003  0075016   0   0   0   0 1205A3EI 
660917W003  0075017   0 220 175 143 3545A4V  
660917W003  0075018   0 100 195 195 1593D1A  
660917W003  0075019   0   1   0   0   02B1SD 
660917W003  0075020   0  78 447  77   01A1UD 
660917W003  0075021   0   9  96   9  704A1BG 
660917W003  0075022   0   0   6   0   14B1BG 
660917W003  0075023   0   9 102   9  714C1BG 
660924W004  0075000   0  17   2   2  143C1YDV
660924W004  0075001   0  32   7  10  273C2YEV
660924W004  0075002   0   8  32  25  155B1EJB
660924W004  0075003   0   3   4   7   95B2EKB
660924W004  0075004   0  11  36  32  245B5V B
660924W004  0075005   0   7  26   0   02A1KD 
660924W004  0075006   0   1   2   0   02A2SE 
660924W004  0075007   0  12  14   3  103A1ADV
660924W004  0075008   0  41  57  17  233A2AEV
660924W004  0075009   0   8   5   6   53B11DV
660924W004  0075010   0   9   7  32  183B21EV
660924W004  0075011   0   0   0   0   23B31FV
660924W004  0075012   0  67   1   0   13C3YFV
660924W004  0075013   0 186  93  70 1003D1A  
660924W004  0075014   0 496 424 120 1685A1EDB
660924W004  0075015   0  35  89  41  725A2EDA
660924W004  0075016   0  23  40  47  535A3EI 
660924W004  0075017   0 554 553 208 2935A4V  
660924W004  0075018   0 104 590   7   01A1UD 
660924W004  0075019   0  91 115  22  416A1VG 
660924W004  0075020   0  11  13   3   26B1VH 
660924W004  0075021   0 102 128  25  436C1V  
660924W004  0075022   0  28   1   2   84A1BG 
660924W004  0075023   0  28   1   2   84C1BG 
661001W001  0075000   0  16  41   0   02A1KD 
661001W001  0075001   0   7   0   0   02A2PE 
661001W001  0075002   0  10   4   6   23A1ADV
661001W001  0075003   0  44  20  51  283A2AE 
661001W001  0075004   0   0   5   3   53B11DV
661001W001  0075005   0   3   3   6  303B21EV
661001W001  0075006   0   0   2   0   03B31FV
661001W001  0075007   0  17  12   3  203C1YDV
661001W001  0075008   0  21  20  12  303C2YEV
661001W001  0075009   0   6   1   2  103C3YFV
661001W001  0075010   0  94 562  11   01A1UD 
661001W001  0075011   0 462 416 196 4315A4V  
661001W001  0075012   0 429 310 129 2505A1EDB
661001W001  0075013   0  21  79  34 1045A2EDA
661001W001  0075014   0  12  27  33  775A3EI 
661001W001  0075015   0  47 121  32  946A1VG 
661001W001  0075016   0  18  11   5   56B1VH 
661001W001  0075017   0  65 132  37  996C1V  
661001W001  0075018   0 101  67  83 1253D1A  
661001W001  0075019   0  36   8   3  184A1BG 
661001W001  0075020   0  36   8   3  184C1BG 
661008W002  0075000   0  24  70   0   02A1KD 
661008W002  0075001   0   1   0   0   02B1SD 
661008W002  0075002   0 310  96  68 1293D1A  
661008W002  0075003   0  61 126  41 1436A1VG 
661008W002  0075004   0   6  10   5   66B1VH 
661008W002  0075005   0  67 136  46 1496C1V  
661008W002  0075006   0  36  19   3  113A1AD 
661008W002  0075007   0 207  39  25  233A2AE 
661008W002  0075008   0   6   0   2   13A3AF 
661008W002  0075009   0  11   2   2  113B11D 
661008W002  0075010   0  14   9  10  193B21E 
661008W002  0075011   0   9  17   7  323C1YD 
661008W002  0075012   0 4201335 223 4305A4V  
661008W002  0075013   0  81 462  14   01A1UD 
661008W002  0075014   0 377 780  95 2795A1EDB
661008W002  0075015   0  17 525  72  825A2EDA
661008W002  0075016   0  26  30  56  695A3EI 
661008W002  0075017   0  24  10  19  263C2YE 
661008W002  0075018   0   3   0   0   63C3YF 
661008W002  0075019   0  25  16   3  904C1BG 
661008W002  0075020   0   1   0   0   04B1BG 
661008W002  0075021   0  24  16   3  904A1BG 
661015W003  0075000   0  62 184  38  726A1VG 
661015W003  0075001   0   3  15   2   66B1VH 
661015W003  0075002   0  65 199  40  786C1V  
661015W003  0075003   0 168  72 144 3943D1A  
661015W003  0075004   0 212 437 100 3195A1EDB
661015W003  0075005   0  34 554  49 1375A2EDA
661015W003  0075006   0 2661042 218 5575A4V  
661015W003  0075007   0  48 328   4   01A1UD 
661015W003  0075008   0  12  48   0   02A1KD 
661015W003  0075009   0   0  14   0   02B1AD 
661015W003  0075010   0  20  51  69 1015A3EI 
661015W003  0075011   0  90  23  50  503A2AE 
661015W003  0075012   0   4   3   9  253B11D 
661015W003  0075013   0  14   5  12  633B21E 
661015W003  0075014   0   4   0   0  283B31F 
661015W003  0075015   0   5  11  24  603C1YD 
661015W003  0075016   0  28  22  38 1093C2YE 
661015W003  0075017   0   0   0  10  433C3YF 
661015W003  0075018   0  23   8   1  163A1AD 
661015W003  0075019   0   0  11  81 1524A1BG 
661015W003  0075020   0   0   0   3   04B1BG 
661015W003  0075021   0   0  11  84 1524C1BG 
661022W004  0075000   0   2  13   0   02B1SD 
661022W004  0075001   0   9  29   0   02A1KD 
661022W004  0075002   0 254 450  89 5345A1EDB
661022W004  0075003   0  35 464  33 1145A2EDA
661022W004  0075004   0 3021018 187 7695A4V  
661022W004  0075005   0  38 369  14   01A1WD 
661022W004  0075006   0  67 192  34 3156A1VG 
661022W004  0075007   0  17  46   5  126B1VH 
661022W004  0075008   0  84 238  39 3276C1V  
661022W004  0075009   0  32  36   4  153B11D 
661022W004  0075010   0  47  32   3  603B21E 
661022W004  0075011   0  94  29  54  853A2AE 
661022W004  0075012   0  19   0   0   03A3AF 
661022W004  0075013   0  10   0   0  133B31F 
661022W004  0075014   0  18   5  33  903C1YD 
661022W004  0075015   0  34  11  35 1393C2YE 
661022W004  0075016   0   2   1   7  373C3YF 
661022W004  0075017   0 278 118 183 4723D1Y  
661022W004  0075018   0  48  10  65 2084A1BG 
661022W004  0075019   0   1   1   0   14B1BG 
661022W004  0075020   0  49  11  65 2094C1BG 
661022W004  0075021   0  13 104  65 1215A3EI 
661022W004  0075022   0  22   4  47  333A1AD 
661029W005  0075000   0  10  24   0   02A1KD 
661029W005  0075001   0  10   9   2   76B1VH 
661029W005  0075002   0  75 142  65  926C1V  
661029W005  0075003   0  65 410   4   01A1UD 
661029W005  0075004   0  19 117  31  425A2EDA
661029W005  0075005   0 437 569 290 4525A4V  
661029W005  0075006   0 398 363 226 3305A1EDB
661029W005  0075007   0  37   3   9  323A1AD 
661029W005  0075008   0   1   0   0   02B1SD 
661029W005  0075009   0  65 133  63  856A1VG 
661029W005  0075010   0  20  89  33  805A3EI 
661029W005  0075011   0  56 288  65 1375B1EJ 
661029W005  0075012   0  12  17   3  305B2EK 
661029W005  0075013   0  68 305  68 1675B3V  
661029W005  0075014   0  29   3  40  414A1BG 
661029W005  0075015   0  29   3  40  414C1BG 
661029W005  0075016   0  16   3  15  303C1YD 
661029W005  0075017   0  15   8  31  543C2YE 
661029W005  0075018   0 167  34 162 2803C3YF 
661029W005  0075019   0  93  19  74 1253A2AE 
661029W005  0075020   0   2   0   0   03A3AF 
661029W005  0075021   0   1   0   8  203B11D 
661029W005  0075022   0   0   1  22   93B21E 
661029W005  0075023   0   0   0   0   33B31F 
661105W001  0075000   0   0   4   0   02C1PD 
661105W001  0075001   0 176 250 325 1665A1EDB
661105W001  0075002   0  25 134  60  575A2EDA
661105W001  0075003   0 224 516 430 2945A4V  
661105W001  0075004   0 127 693   4   01A1UD 
661105W001  0075005   0   8  14   0   02A1KD 
661105W001  0075006   0   0   0   0   03B31F 
661105W001  0075007   0  52 105  54  766A1VG 
661105W001  0075008   0   1   5  11   16B1VH 
661105W001  0075009   0  53 110  65  776C1V  
661105W001  0075010   0   0   0   2   93B11D 
661105W001  0075011   0   3   2  12  273B21E 
661105W001  0075012   0   2   5  16  173C1YD 
661105W001  0075013   0  12  28  18  153C2YE 
661105W001  0075014   0   0   0   1   03C3YF 
661105W001  0075015   0 137  41 125  893D1A  
661105W001  0075016   0   6   0  33   84A1BG 
661105W001  0075017   0   1   0   1   04B1BG 
661105W001  0075018   0   7   0  34   84C1BG 
661105W001  0075019   0  23 132  45  715A3EI 
661105W001  0075020   0  19   1  27  153A1AD 
661105W001  0075021   0 101   5  43   23A2AE 
661105W001  0075022   0   0   0   6   43A3AF 
661112W002  0075000   0  17 143  65 1145A3EI 
661112W002  0075001   0  20  45   0   02A1KD 
661112W002  0075002   0   1   0   0   02B1SD 
661112W002  0075003   0 305 229 810 2135A1EDB
661112W002  0075004   0  25  68  72  395A2EDA
661112W002  0075005   0 347 440 947 3665A4V  
661112W002  0075006   0  83 667  10   01A1UD 
661112W002  0075007   0  56 110  59  906A1VG 
661112W002  0075008   0   7  36  16  136B1VH 
661112W002  0075009   0  63 146  75 1036C1V  
661112W002  0075010   0  38  35  52  503C2YE 
661112W002  0075011   0   0   0   0  213B31F 
661112W002  0075012   0  14   1  35  213C1YD 
661112W002  0075013   0   3   1  28   83C3YF 
661112W002  0075014   0 292  75 254 2383D1A  
661112W002  0075015   0  42   3   6  754A1BG 
661112W002  0075016   0   1   0   0   04B1BG 
661112W002  0075017   0  43   3   6  754C1BG 
661112W002  0075018   0  74  10  19  163A1AD 
661112W002  0075019   0 137  21  77  513A2AE 
661112W002  0075020   0   3   0   2   03A3AF 
661112W002  0075021   0   4   4  11  283B11D 
661112W002  0075022   0  19   3  30  433B21E 
661119W003  0075000   0  93 583  11   01A1UD 
661119W003  0075001   0  26  49   0   02A1KD 
661119W003  0075002   0  43 137  47  296A1VG 
661119W003  0075003   0   1   4   3   26B1VH 
661119W003  0075004   0  44 141  50  316C1V  
661119W003  0075005   0  21   9  28  433B21E 
661119W003  0075006   0   8   0   0   03B31F 
661119W003  0075007   0  14   2  24  663C1YD 
661119W003  0075008   0  36  16  47  683C2YE 
661119W003  0075009   0   4   3  29  223C3YF 
661119W003  0075010   0 214 504 239 1415A1EDB
661119W003  0075011   0  39  34  48  225A2EDA
661119W003  0075012   0 269 746 323 2465A4V  
661119W003  0075013   0 175  70 309 3163D1A  
661119W003  0075014   0  59   3  87  874A1BG 
661119W003  0075015   0   2   0   6   24B1BG 
661119W003  0075016   0  61   3  93  894C1BG 
661119W003  0075017   0  16 208  36  835A3EI 
661119W003  0075018   0  26   6  42  173A1AD 
661119W003  0075019   0  48  34 122  733A2AE 
661119W003  0075020   0   5   0   5   03A3AF 
661119W003  0075021   0  13   0  12  263B11D 
661126W004  0075000   0  26  49   0   42B1KD 
661126W004  0075001   0   0   2   0   02A1SD 
661126W004  0075002   0  83 115  44 1276A1VG 
661126W004  0075003   0   5  12   6   86B1VH 
661126W004  0075004   0  88 127  50 1356C1V  
661126W004  0075005   0  91 414   2   01A1UD 
661126W004  0075006   0   0   0   0   03A3AF 
661126W004  0075007   0 499 458 198 2845A1EDB
661126W004  0075008   0  62  19  22  415A2EDA
661126W004  0075009   0 579 649 270 3995A4V  
661126W004  0075010   0  60  19  68  713A2AE 
661126W004  0075011   0   6   3   7  123B11D 
661126W004  0075012   0  16  16  28  313B21E 
661126W004  0075013   0   0   0   0  123B31F 
661126W004  0075014   0   5   6  32  453C1YD 
661126W004  0075015   0   5   8  37  693C2YE 
661126W004  0075016   0   0   0   1  283C3YF 
661126W004  0075017   0  97  56 187 2883D1A  
661126W004  0075018   0   5  35  37 1064A1BG 
661126W004  0075019   0   5  35  37 1064C1BG 
661126W004  0075020   0   5   4  14  203A1AD 
661126W004  0075021   0  18 172  50  745A3EI 
661203W001  0075000   0   1   7   0   02A1SD 
661203W001  0075001   0   7  32   0   02B1KD 
661203W001  0075002   0  47 103  77  396C1V  
661203W001  0075003   0  34 272  15   11A1UD 
661203W001  0075004   0 268 308 485 1605A1EDB
661203W001  0075005   0  47  82  73  386A1VG 
661203W001  0075006   0   0  21   4   16B1VH 
661203W001  0075007   0  40  37  60  315A2EDA
661203W001  0075008   0 340 556 586 2915A4V  
661203W001  0075009   0   5   5   5  293A1AD 
661203W001  0075010   0  19  16  44 1043A2AE 
661203W001  0075011   0   1   0   2   33A3AF 
661203W001  0075012   0   0  20  19  103B11D 
661203W001  0075013   0   4  17  29  303B21E 
661203W001  0075014   0   0   0   1   33B31F 
661203W001  0075015   0   7   2  16  213C1YD 
661203W001  0075016   0  25  14  25  463C2YE 
661203W001  0075017   0   0   0   2   23C3YF 
661203W001  0075018   0  61  74 143 2483D1A  
661203W001  0075019   0   0  32  37  334A1BG 
661203W001  0075020   0   0   2   0   04B1BG 
661203W001  0075021   0   0  34  37  334C1BG 
661203W001  0075022   0  32 211  41 1005A3EI 
661203W001  0075023   0  46 913  94 1845B1EJ 
661203W001  0075024   0  13  43  23  185B2EK 
661203W001  0075025   0  59 956 117 2025B3V  
661210W002  0075000   0  24  56  29  485A3EI 
661210W002  0075001   0   1  12   0   02A1SD 
661210W002  0075002   0   8  14   0   02B1KD 
661210W002  0075003   0  62  35 114  325A2EDA
661210W002  0075004   0 174 200 404 2065A4V  
661210W002  0075005   0  63 365   3   01A1UD 
661210W002  0075006   0  45  44  85  476A1VG 
661210W002  0075007   0   0   1  10   16B1VH 
661210W002  0075008   0  45  45  95  486C1V  
661210W002  0075009   0  88 109 261 1265A1EDB
661210W002  0075010   0  13   0 181   23A3AF 
661210W002  0075011   0   3   6  50  133B11D 
661210W002  0075012   0   4  12  34  293B21E 
661210W002  0075013   0   0   0  14   23B31F 
661210W002  0075014   0  11   2  25  363C1YD 
661210W002  0075015   0  25   2  50  423C2YE 
661210W002  0075016   0   0   1   2  323C3YF 
661210W002  0075017   0   6   9 156  774A1BG 
661210W002  0075018   0   0   0   3   04B1BG 
661210W002  0075019   0   6   9 159  774C1BG 
661210W002  0075020   0  24   3  21  223A1AD 
661210W002  0075021   0  61  14  85  253A2AE 
661210W002  0075022   0 141  40 462 2033D1A  
661217W003  0075000   0   0   1   0   02A1SD 
661217W003  0075001   0   9  14   0   02B1KD 
661217W003  0075002   0   9   2   6   46B1VH 
661217W003  0075003   0  64 105  40  646C1V  
661217W003  0075004   0 262 110 252 2365A1EDB
661217W003  0075005   0  39  22  13  245A2EDA
661217W003  0075006   0 324 221 312 3845A4V  
661217W003  0075007   0  83 280   2   01A1UD 
661217W003  0075008   0  55 103  34  606A1VG 
661217W003  0075009   0   3   0  14   13A3AF 
661217W003  0075010   0  13  11   8   93B11D 
661217W003  0075011   0  21  24  36  393B21E 
661217W003  0075012   0   0   6   0   43B31F 
661217W003  0075013   0  14  11   7  223C1YD 
661217W003  0075014   0  16  37  15  363C2YE 
661217W003  0075015   0   0   1   0   53C3YF 
661217W003  0075016   0 197 110 148 2153D1A  
661217W003  0075017   0 156  25  31  824A1BG 
661217W003  0075018   0   6   1   1   54B1BG 
661217W003  0075019   0 162  26  32  874C1BG 
661217W003  0075020   0  23  89  47 1245A3EI 
661217W003  0075021   0  45   1  10  393A1AD 
661217W003  0075022   0  85  19  58  603A2AE 
661224W004  0075000   0   5  28   0   02A1KD 
661224W004  0075001   0   0   1   0   02B1PD 
661224W004  0075002   0 101  64  58 1026A1VG 
661224W004  0075003   0   4   2   3   26B1VH 
661224W004  0075004   0 105  66  61 1046C1V  
661224W004  0075005   0 456 200 149 1995A1EDB
661224W004  0075006   0  47  54  27  475A2EDA
661224W004  0075007   0 535 438 205 3195A4V  
661224W004  0075008   0 220 120 162 2153D1A  
661224W004  0075009   0  32 184  29  735A3EI 
661224W004  0075010   0  43 436   7   11A1UD 
661224W004  0075011   0  19  25  39   63A1AD 
661224W004  0075012   0  76  32  62  373A2AE 
661224W004  0075013   0   0   1  10   03A3AF 
661224W004  0075014   0   5   3   1   93B11D 
661224W004  0075015   0  35  11  11  413B21E 
661224W004  0075016   0  13   0   0   03B31F 
661224W004  0075017   0  20  14  14  483C1YD 
661224W004  0075018   0  49  33  24  663C2YE 
661224W004  0075019   0   3   1   1   83C3YF 
661224W004  0075020   0  20  22  48  464A1BG 
661224W004  0075021   0   2   0   0   04B1BG 
661224W004  0075022   0  22  22  48  464C1BG 
661231W005  0075000   0   1   8   0   02A1SD 
661231W005  0075001   0   2   1   0   02B1KD 
661231W005  0075002   0   0   0   0   03A3AF 
661231W005  0075003   0  28 186  17  385B2EK 
661231W005  0075004   0 111 718  84 2075B3V  
661231W005  0075005   0 108 548   4   01A1UD 
661231W005  0075006   0  19   8  16  113A1AD 
661231W005  0075007   0  70  29  38  753A2AE 
661231W005  0075008   0   0   2  10  383B11D 
661231W005  0075009   0  31 238  34  555A3EI 
661231W005  0075010   0 233 561 295 2755A4V  
661231W005  0075011   0  83 532  67 1695B1EJ 
661231W005  0075012   0  40  81 168  696A1VG 
661231W005  0075013   0   1  12   4   76B1VH 
661231W005  0075014   0  41  93 172  766C1V  
661231W005  0075015   0   6   4  30  513B21E 
661231W005  0075016   0   0   0   1   33B31F 
661231W005  0075017   0   3   3   0  363C1YD 
661231W005  0075018   0   2   7  16  573C2YE 
661231W005  0075019   0   0   1   1   83C3YF 
661231W005  0075020   0 100  54 112 2793D1A  
661231W005  0075021   0 176 299 237 1815A1EDB
661231W005  0075022   0  26  24  24  395A2EDA
661231W005  0075023   0   2   0  43  444A1BG 
661231W005  0075024   0   2   0  43  444C1BG 
661231W005  0075025   0   0   0   0   04B1BG 
670107W001  0075000   0   3   7   0   02A1KD 
670107W001  0075001   0   2   0   5  123C3YF 
670107W001  0075002   0 130  34 149 1383D1A  
670107W001  0075003   0  14   8  63  194A1BG 
670107W001  0075004   0  14   8  66  194C1BG 
670107W001  0075005   0  31  43  27  545A2EDA
670107W001  0075006   0  40   0  10   43A1AD 
670107W001  0075007   0  62   3  34  373A2AE 
670107W001  0075008   0   9   3  21   53B11D 
670107W001  0075009   0  13   4  25  473B21E 
670107W001  0075010   0   0   0   9   23B31F 
670107W001  0075011   0   1   4  14   93C1YD 
670107W001  0075012   0   2  20  31  223C2YE 
670107W001  0075013   0   1   0   0   03A3AF 
670107W001  0075014   0   0   0   4   36B1VH 
670107W001  0075015   0   0   0   3   04B1BG 
670107W001  0075016   0  55 525   2   01A1UD 
670107W001  0075017   0  33 158  42  485A3EI 
670107W001  0075018   0 149 218 174 2145A1EDB
670107W001  0075019   0 213 419 243 3165A4V  
670107W001  0075020   0  31  64  63  876A1VG 
670107W001  0075021   0  31  64  67  906C1V  
670114W002  0075000   0  32  62   0   02A1KD 
670114W002  0075001   0   0   2   0   02B1PD 
670114W002  0075002   0  21   6  19  123A1AD 
670114W002  0075003   0   0   0   0   14B1BG 
670114W002  0075004   0 100  30  14  604C1BG 
670114W002  0075005   0  49  28  24  453A2AE 
670114W002  0075006   0   0   0   2   03A3AF 
670114W002  0075007   0  47  16   3  133B11D 
670114W002  0075008   0  37  15   5  293B21E 
670114W002  0075009   0   1  12   0   93B31F 
670114W002  0075010   0  19   9   6  263C1YD 
670114W002  0075011   0  53  25  28  873C2YE 
670114W002  0075012   0   8   0   0  133C3YF 
670114W002  0075013   0 235 111  87 2343D1A  
670114W002  0075014   0 100  30  14  594A1BG 
670114W002  0075015   0   0   0   0 2135A2EDA
670114W002  0075016   0  38  44  71 1165A3EI 
670114W002  0075017   0 121 984   7   01A1UD 
670114W002  0075018   0 140  99 318 1146C1V  
670114W002  0075019   0 650 231 494 1775A1EDB
670114W002  0075020   0 688 275 565 5065A4V  
670114W002  0075021   0 127  97 307 1106A1VG 
670114W002  0075022   0  13   2  11   46B1VH 
670121W003  0075000   0   0   0   6   13A3AF 
670121W003  0075001   0  35   1  16   43B11D 
670121W003  0075002   0  31   9  37  213B21E 
670121W003  0075003   0   3   0   9   03B31F 
670121W003  0075004   0  32  12  29  703C1YD 
670121W003  0075005   0  69  41  65  533C2YE 
670121W003  0075006   0  23   0   2  193C3YF 
670121W003  0075007   0 308 103 301 4223D1A  
670121W003  0075008   0 118   9  79  964A1BG 
670121W003  0075009   0   0   0   1   04B1BG 
670121W003  0075010   0 118   9  80  964C1BG 
670121W003  0075011   0   0   0   0 3115A2EDA
670121W003  0075012   0   0   2   0   02A1SD 
670121W003  0075013   0  10  10   0   02B1KD 
670121W003  0075014   0   1   0   0   02C1PD 
670121W003  0075015   0  23  12  43  633A1AD 
670121W003  0075016   0  92  28  94 1913A2AE 
670121W003  0075017   0   8   3  14  126B1VH 
670121W003  0075018   0 127 775   4   01A1UD 
670121W003  0075019   0 252 386 665 4875A1EDB
670121W003  0075020   0 281 490 793 8445A4V  
670121W003  0075021   0  29 104 128  465A3EI 
670121W003  0075022   0 101 136 405 1616A1VG 
670121W003  0075023   0 109 139 419 1736C1V  
670128W004  0075000   0   0   0   1   04B1BG 
670128W004  0075001   0  22   5  34  144C1BG 
670128W004  0075002   0   0   0   0 2035A2EDA
670128W004  0075003   0   0   2   0   02A1SD 
670128W004  0075004   0  15  40   0   02A2KE 
670128W004  0075005   0  28   8  19  153A1AD 
670128W004  0075006   0  82   4  58  233A2AE 
670128W004  0075007   0   0   0   9   03A3AF 
670128W004  0075008   0   9   1   6   63B11D 
670128W004  0075009   0  35   9  35  393B21E 
670128W004  0075010   0  22   5  10  283C1YD 
670128W004  0075011   0  27  12  21  583C2YE 
670128W004  0075012   0   1   4   0   33C3YF 
670128W004  0075013   0 204  43 158 1723D1A  
670128W004  0075014   0  22   5  33  144A1BG 
670128W004  0075015   0   4   3   0   16B1VH 
670128W004  0075016   0  40 122 193 1295A3EI 
670128W004  0075017   0   0   0   0   03B31F 
670128W004  0075018   0 113 735   4   11A1UD 
670128W004  0075019   0 111 103 109  446A1VG 
670128W004  0075020   0 502 372 292 1295A1EDB
670128W004  0075021   0 542 494 485 4615A4V  
670128W004  0075022   0 115 106 109  456C1V  
670204W001  0075000   0   8  16  13  673B21E 
670204W001  0075001   0   0   0   0  103B31F 
670204W001  0075002   0  17  10  12  333C1YD 
670204W001  0075003   0  25   7  36  553C2YE 
670204W001  0075004   0   3  10   1   13C3YF 
670204W001  0075005   0 102  99 151 2553D1A  
670204W001  0075006   0  23  16  10  644A1BG 
670204W001  0075007   0   1   0   0   04B1BG 
670204W001  0075008   0  24  16  10  644C1BG 
670204W001  0075009   0   0   4   0   02A1SD 
670204W001  0075010   0  38  48   0   02B1KD 
670204W001  0075011   0   0   1   0   02C1PD 
670204W001  0075012   0   8  13  15   13A1AD 
670204W001  0075013   0  39  43  70  323A2AE 
670204W001  0075014   0   0   0   0   13A3AF 
670204W001  0075015   0   2   0   4  553B11D 
670204W001  0075016   0   0   0   0 3145A2EDA
670204W001  0075017   0  52 235 135  976C1V  
670204W001  0075018   0 606 462 258 2415A1EDB
670204W001  0075019   0 606 462 258 5555A4V  
670204W001  0075020   0   0   0   0   05A3EI 
670204W001  0075021   0  59 335 239  915B1EJ 
670204W001  0075022   0   5  80  40  825B2EK 
670204W001  0075023   0  64 415 279 1735B3V  
670204W001  0075024   0  51 218 130  926A1VG 
670204W001  0075025   0   1  17   5   56B1VH 
670204W001  0075026   0 110 830   3   01A1UD 
670211W002  0075000   0  38  29  11   23A1AD 
670211W002  0075001   0  76  63  63   73A2AE 
670211W002  0075002   0   7   2   0   13A3AF 
670211W002  0075003   0  11   0  19  183B11D 
670211W002  0075004   0  29   5  17  263B21E 
670211W002  0075005   0  13   0   0   03B31F 
670211W002  0075006   0  17   3  18  273C1YD 
670211W002  0075007   0  47  10  36  443C2YE 
670211W002  0075008   0   4   0  19   73C3YF 
670211W002  0075009   0 242 112 183 1323D1A  
670211W002  0075010   0  74   0  84  284A1BG 
670211W002  0075011   0   4   0   3   04B1BG 
670211W002  0075012   0  78   0  87  284C1BG 
670211W002  0075013   0 406 312 294  735A1EDB
670211W002  0075014   0   0   0   0   05A2EDA
670211W002  0075015   0   0   1   0   02C1HD 
670211W002  0075016   0   3  14   0   02A1SD 
670211W002  0075017   0   6  18   0   02B1KD 
670211W002  0075018   0  91 756   4   01A1UD 
670211W002  0075019   0  45  97 142 1775A3EI 
670211W002  0075020   0 451 409 436 2505A4V  
670211W002  0075021   0  71 167  67  326A1VG 
670211W002  0075022   0   5  31   0   06B1VH 
670211W002  0075023   0  76 198  67  326C1V  
670218W007  0075000   0  10  31   0   02A1SD 
670218W007  0075001   0   1   0   0   02A2HE 
670218W007  0075002   0  19   0   7  324A1BG 
670218W007  0075003   0   1   0   0   04B1BG 
670218W007  0075004   0  20   0   7  324C1BG 
670218W007  0075005   0   9   1   0   23B31F 
670218W007  0075006   0  40  10  20  613B21E 
670218W007  0075007   0  12   1   7   63B11D 
670218W007  0075008   0  15   0   1   03A3AF 
670218W007  0075009   0  71  28  37 1583A2AE 
670218W007  0075010   0   6   3  13  413A1AD 
670218W007  0075011   0  29  45   0   02A3KF 
670218W007  0075012   0 181  51  98 2993D1A  
670218W007  0075013   0  15  55 337  775A3EI 
670218W007  0075014   0 123 178  63  856A1VG 
670218W007  0075015   0  12   8   6  176B1VH 
670218W007  0075016   0 135 186  69 1026C1V  
670218W007  0075017   0 816 544 257 4155A1EDB
670218W007  0075018   0 831 599 594 4925A4V  
670218W007  0075019   0   1   2   1   13C3YF 
670218W007  0075020   0  21   5  10  253C2YE 
670218W007  0075021   0   6   1   9   53C1YD 
670218W007  0075022   0 182 994   7   01A1UD 
670225W004  0075000   0  26  21   2  113B11D 
670225W004  0075001   0  47  56  16  413B21E 
670225W004  0075002   0  35  14  10  353C1YD 
670225W004  0075003   0  38  39  49  463C2YE 
670225W004  0075004   0  17  17   1   13C3YF 
670225W004  0075005   0 560 202 128 2063D1A  
670225W004  0075006   0  55  24   4  854A1BG 
670225W004  0075007   0   0   2   0   14B1BG 
670225W004  0075008   0  55  26   4  864C1BG 
670225W004  0075009   01368 528 269 1675A4V  
670225W004  0075010   0   8  28   0   02A1SD 
670225W004  0075011   0  13  32   0   02B1KD 
670225W004  0075012   0  97   5   5  253A1AD 
670225W004  0075013   0 292  49  45  473A2AE 
670225W004  0075014   0   2   1   0   03A3AF 
670225W004  0075015   01378 635 269 1675A1EDB
670225W004  0075016   01451 767 491 458544V  
670225W004  0075017   0  73 132 222 2915A3EI 
670225W004  0075018   0 220 238  92 3926A1VG 
670225W004  0075019   0 260 253  96 4056C1V  
670225W004  0075020   0  40  15   4  136B1VH 
670225W004  0075021   0   6   0   0   03B31F 
670225W004  0075022   0 125 928   9   01A1UD 
670304W005  0075000   0   6  25   0   02A1KD 
670304W005  0075001   0 154  26  57  713A2AE 
670304W005  0075002   0   7   0   3   03A3AF 
670304W005  0075003   0  11  18   9  153B11D 
670304W005  0075004   0  13  34  34  583B21E 
670304W005  0075005   0  14   6   4  143C1YD 
670304W005  0075006   0  15   8  16  193C2YE 
670304W005  0075007   0   6   0   2   03C3YF 
670304W005  0075008   0 273 114 141 1943D1A  
670304W005  0075009   0  15  66  18   44A1BG 
670304W005  0075010   0   0   1   0   04B1BG 
670304W005  0075011   0  15  67  18   44C1BG 
670304W005  0075012   0   7  41 454  175B2EK 
670304W005  0075013   0  78 385 674 2275B3V  
670304W005  0075014   0  71 344 220 2105B1EJ 
670304W005  0075015   0  53  22  26  173A1AD 
670304W005  0075016   0  72 166 152  726A1VG 
670304W005  0075017   0  23  12  13   16B1VH 
670304W005  0075018   0  95 178 165  736C1V  
670304W005  0075019   01045 660 811 2545A4V  
670304W005  0075020   0 985 364 575 1305A1EDB
670304W005  0075021   0  60 296 236 1245A3EI 
670304W005  0075022   0 2361379   9   01A1UD 
670311W001  0075000   0  21  16  50  103A1AD 
670311W001  0075001   0  67  70  88  593A2AE 
670311W001  0075002   0   2   0   8   13A3AF 
670311W001  0075003   0  26   1   6   73B11D 
670311W001  0075004   0  65   1  12  323B21E 
670311W001  0075005   0   6   0   0   03B31F 
670311W001  0075006   0  53  31   5  373C1YD 
670311W001  0075007   0  89  19  19  723C2YE 
670311W001  0075008   0  66  11   0   73C3YF 
670311W001  0075009   0 395 149 188 2253D1A  
670311W001  0075010   0  75  41  96  614A1BG 
670311W001  0075011   0   2   2   3   04B1BG 
670311W001  0075012   0  77  43  99  614C1BG 
670311W001  0075013   0  91 170 133 2296C1V  
670311W001  0075014   0   8  28   0   02B1KD 
670311W001  0075015   0 463 323 505 2575A1EDB
670311W001  0075016   0 493 421 618 6935A4V  
670311W001  0075017   0  30  98 113 4365A3EI 
670311W001  0075018   0  82 161 129 2156A1VG 
670311W001  0075019   0   9   9   4  146B1VH 
670311W001  0075020   0 1721094  12   01A1UD 
670318W002  0075000   0   0   2   0   02A1SD 
670318W002  0075001   0   5  30   0   02B1KD 
670318W002  0075002   0  53  31  13   53A1AD 
670318W002  0075003   0 175  65  64  633A2AE 
670318W002  0075004   0   2   0   0   03A3AF 
670318W002  0075005   0  46   2  11  243B11D 
670318W002  0075006   0  64  20  35  743B21E 
670318W002  0075007   0  30   0   6   03B31F 
670318W002  0075008   0  93  28   8  433C1YD 
670318W002  0075009   0  86  10  19  773C2YE 
670318W002  0075010   0  14  43   1  213C3YF 
670318W002  0075011   0 563 199 157 3073D1A  
670318W002  0075012   0 1791108   7   01A1UD 
670318W002  0075013   0 211  28  27  744A1BG 
670318W002  0075014   0   6   0   3   14B1BG 
670318W002  0075015   0 217  28  30  754C1BG 
670318W002  0075016   0 691 756 467 5085A3EI 
670318W002  0075017   0 654 598 262 2335A1EDB
670318W002  0075018   0 691 756 467 5085A4V  
670318W002  0075019   01245 173  91  796A1VG 
670318W002  0075020   0  70   7   4   46B1VH 
670318W002  0075021   01315 180  95  836C1V  
670325W003  0075000   0   1   1   0   02A3PF 
670325W003  0075001   0  40   6  43  193A1AD 
670325W003  0075002   0 181  37  51  893A2AE 
670325W003  0075003   0   1   1   2 1083A3AF 
670325W003  0075004   0  12   1   4  123B11D 
670325W003  0075005   0  29  13  21  523B21E 
670325W003  0075006   0  15   0   0  643B31F 
670325W003  0075007   0  28   7  18  133C1YD 
670325W003  0075008   0  56  23  35  463C2YE 
670325W003  0075009   0   0   1   4  113C3YF 
670325W003  0075010   0 362  89 178 4143D1A  
670325W003  0075011   0  63  12  65  234A1BG 
670325W003  0075012   0   4   0   2   04B1BG 
670325W003  0075013   0  67  12  67  234C1BG 
670325W003  0075014   0   8  28   0   02A1SD 
670325W003  0075015   0  13  32   0   02A2KE 
670325W003  0075016   0 685 6321287 1795A1EDB
670325W003  0075017   0  15 142 225 4725A3EI 
670325W003  0075018   0 199 203 236 1126A1VG 
670325W003  0075019   0  16   9  10   76B1VH 
670325W003  0075020   0 215 212 246 1196C1V  
670325W003  0075021   0 2671538  22   01A1UD 
670325W003  0075022   0 700 7741512 6515A4V  
670401W004  0075000   0   1   5   0   02A1SD 
670401W004  0075001   0  18  62   0   02B1KD 
670401W004  0075002   0  25  44  39  183A1AD 
670401W004  0075003   0  93  68 144  923A2AE 
670401W004  0075004   0   5   4   7   03A3AF 
670401W004  0075005   0   0   0  24  123B11D 
670401W004  0075006   0   5   3  40  383B21E 
670401W004  0075007   0   0   0   0   63B31F 
670401W004  0075008   0  14   7   7  213C1YD 
670401W004  0075009   0  20  21  26  563C2YE 
670401W004  0075010   0   0   0  15   13C3YF 
670401W004  0075011   0 162 147 302 2443D1Y  
670401W004  0075012   0  59   1  50  344A1BG 
670401W004  0075013   0   2   0   0   04B1BG 
670401W004  0075014   0  61   1  50  344C1BG 
670401W004  0075015   0  31  41 119 2415B2EK 
670401W004  0075016   0 151 690 483 6815B3V  
670401W004  0075017   0  99 179 126  646A1VG 
670401W004  0075018   0   8   3  27  146B1VH 
670401W004  0075019   0 107 182 153  786C1V  
670401W004  0075020   0 772 4301057 1905A1EDB
670401W004  0075021   0  24 133 230 2435A3EI 
670401W004  0075022   0 796 5631287 4335A4V  
670401W004  0075023   0 120 649 364 4405B1EJ 
670401W004  0075024   0 1671051   6   01A1UD 
670408W001  0075000   0 156  28  23  824C1BG 
670408W001  0075001   0   4   5   0   02A1SD 
670408W001  0075002   0  12  68   0   02B1KD 
670408W001  0075003   0 142  23  10  103A1AD 
670408W001  0075004   0 366  50  58  773A2AE 
670408W001  0075005   0  12   0   1   03A3AF 
670408W001  0075006   0  16   0   5  183B11D 
670408W001  0075007   0  21   0  15  263B21E 
670408W001  0075008   0   3   0   0  353B31F 
670408W001  0075009   0  21   0  24  153C1YD 
670408W001  0075010   0  49   3  23  223C2YE 
670408W001  0075011   0  14   0   1   33C3YF 
670408W001  0075012   0 644  76 137 2063D1A  
670408W001  0075013   0 151  26  23  784A1BG 
670408W001  0075014   0   5   2   0   44B1BG 
670408W001  0075015   0  14 187 274 1595A3EI 
670408W001  0075016   0 149 286 152  596A1VG 
670408W001  0075017   0 165 322 156  616C1V  
670408W001  0075018   0  16  36   4   26B1VH 
670408W001  0075019   0 525 575 369 2465A1EDB
670408W001  0075020   0 539 762 643 4055A4V  
670408W001  0075021   0 1611075   6   01A1UD 
670415W002  0075000   0  21  90   0   02A1KD 
670415W002  0075001   0  11   2  20   73B11D 
670415W002  0075002   0  30  13  46  273B21E 
670415W002  0075003   0   0   0   0   33B31F 
670415W002  0075004   0  19   7   7  393C1YD 
670415W002  0075005   0  51  23  30  693C2YE 
670415W002  0075006   0   4   2   0   53C3YF 
670415W002  0075007   0 288 181 157 4593D1A  
670415W002  0075008   0  68   8  15  604A1BG 
670415W002  0075009   0   3   1   0   04B1BG 
670415W002  0075010   0  71   9  15  604C1BG 
670415W002  0075011   0  11 166 122 1585A3EI 
670415W002  0075012   0  61 195  95  666A1VG 
670415W002  0075013   0   4   6  14   46B1VH 
670415W002  0075014   0  65 201 109  706C1V  
670415W002  0075015   0 110 973   8   01A1UD 
670415W002  0075016   0  54  41  20  603A1AD 
670415W002  0075017   0 119  93  34 2493A2AE 
670415W002  0075018   0 345 384 482 3745A1EDB
670415W002  0075019   0 356 550 604 5055A4V  
670422W003  0075000   0   8   1   0   02B1KD 
670422W003  0075001   0  52  45  31   53A1AD 
670422W003  0075002   0  62 141  48  533A2AE 
670422W003  0075003   0   0   0   4   03A3AF 
670422W003  0075004   0   8   2   1   73B11D 
670422W003  0075005   0  16  13   4  533B21E 
670422W003  0075006   0   8   6  17  463C1YD 
670422W003  0075007   0  34   8  23  443C2YE 
670422W003  0075008   0   6   0  16   33C3YF 
670422W003  0075009   0 186 215 144 2113D1A  
670422W003  0075010   0  92  18  78  354A1BG 
670422W003  0075011   0   1   0   2   04B1BG 
670422W003  0075012   0  93  18  80  354C1BG 
670422W003  0075013   0 356 291 148 1855A1EDB
670422W003  0075014   0 372 454 230 3095A4V  
670422W003  0075015   0   1   1   0   02A1SD 
670422W003  0075016   0  94 109  92  436A1VG 
670422W003  0075017   0   9   3  11   56B1VH 
670422W003  0075018   0 103 112 103  486C1V  
670422W003  0075019   0  16 163  82 1245A3EI 
670422W003  0075020   0 142 942  13   11A1UD 
670429W004  0075000   0  25   0   4  293B21E 
670429W004  0075001   0   0   0   0   33B31F 
670429W004  0075002   0   1   1   0   73C1YD 
670429W004  0075003   0   6   3  14  333C2YE 
670429W004  0075004   0   0   0   0   63C3YF 
670429W004  0075005   0 101  21 149 1253D1A  
670429W004  0075006   0   0   4   1  144A1BG 
670429W004  0075007   0   0   4   1  144C1BG 
670429W004  0075008   0   4   9   0   02A1KD 
670429W004  0075009   0  12   3  28   73A1AD 
670429W004  0075010   0  45  13 102  373A2AE 
670429W004  0075011   0  12   1   1   33B11D 
670429W004  0075012   0   2   2   5   66B1VH 
670429W004  0075013   0  45  65 231  456A1VG 
670429W004  0075014   0  47  67 236  516C1V  
670429W004  0075015   0 1811249   7   01A1UD 
670429W004  0075016   0  35 532 168 2325B1EJ 
670429W004  0075017   0   4  36  52   85B2EK 
670429W004  0075018   0  39 568 220 2405B3V  
670429W004  0075019   0 597 170 416 1235A1EDB
670429W004  0075020   0   4  87  85  865A3EI 
670429W004  0075021   0 598 257 501 2095A4V  
670506W005  0075000   0  56  14  29   93A1AD 
670506W005  0075001   0 202  46 152  553A2AE 
670506W005  0075002   0   0   1   7   03A3AF 
670506W005  0075003   0  20   3   1   13B11D 
670506W005  0075004   0  46   3  12  263B21E 
670506W005  0075005   0  32   1   0   03B31F 
670506W005  0075006   0  23   0  15  413C1YD 
670506W005  0075007   0  26   2  75  453C2YE 
670506W005  0075008   0   0   0   8   53C3YF 
670506W005  0075009   0 405  70 299 1823D1A  
670506W005  0075010   0  34   3  26  404A1BG 
670506W005  0075011   0   1   0   2   04B1BG 
670506W005  0075012   0  35   3  28  404C1BG 
670506W005  0075013   0   0   2   0   02A1SD 
670506W005  0075014   0  18  24   0   02B1KD 
670506W005  0075015   0 236 125 437  496A1VG 
670506W005  0075016   0  24   8  12   66B1VH 
670506W005  0075017   0 260 133 449  556C1V  
670506W005  0075018   0 1921072  19   01A1UD 
670506W005  0075019   01053 362 459 1645A1EDB
670506W005  0075020   0  11  69 106 1295A3EI 
670506W005  0075021   01064 431 565 2935A4V  
670513W002  0075000   0   0  11   0   02A1SD 
670513W002  0075001   0   9  22   0   02A2KE 
670513W002  0075002   0   0   4   0   02A3PF 
670513W002  0075003   0  29  12  47  113A1AD 
670513W002  0075004   0 150  18  92  633A2AE 
670513W002  0075005   0   0   0   2   03A3AF 
670513W002  0075006   0  15   0   4  193B11D 
670513W002  0075007   0  19   0   8  413B21E 
670513W002  0075008   0   1   0   4   23B31F 
670513W002  0075009   0  45  18   4  533C1YD 
670513W002  0075010   0   2   3   2   33C3YF 
670513W002  0075011   0 298  59 196 2683D1Y  
670513W002  0075012   0  15  26  25  774A1BG 
670513W002  0075013   0   0   0   3   14B1BG 
670513W002  0075014   0  15  26  28  784C1BG 
670513W002  0075015   0  37   8  33  763C2YE 
670513W002  0075016   0  21   3  10   26B1VH 
670513W002  0075017   0 380  53 110  556C1V  
670513W002  0075018   01484 143 291 1625A1EDB
670513W002  0075019   0  15  72 133 1285A3EI 
670513W002  0075020   0 359  50 100  536A1VG 
670513W002  0075021   01499 215 424 2905A4V  
670513W002  0075022   0 2421400   8   01A1UD 
670520W003  0075000   01559 448 503 2195A4V  
670520W003  0075001   0   2   6   0   82A1SD 
670520W003  0075002   0  48  66   0   02A2KE 
670520W003  0075003   0  63  18  44  143A1AD 
670520W003  0075004   0 282  39  79  733A2AE 
670520W003  0075005   0   0   0  11   03A3AF 
670520W003  0075006   0  14   7   0  103B11D 
670520W003  0075007   0  46  14  26  283B21E 
670520W003  0075008   0 235 107  85  506A1VG 
670520W003  0075009   0  37   4   6   26B1VH 
670520W003  0075010   0 272 111  91  526C1V  
670520W003  0075011   01539 345 394 1085A1EDB
670520W003  0075012   0   0   0   0   23B31F 
670520W003  0075013   0  37   7   6  213C1YD 
670520W003  0075014   0  27  12  33  463C2YE 
670520W003  0075015   0   3   0   0   23C3YF 
670520W003  0075016   0 472  97 199 1963D1A  
670520W003  0075017   0  75  12  92  314A1BG 
670520W003  0075018   0   1   0   3   04B1BG 
670520W003  0075019   0  76  12  95  314C1BG 
670520W003  0075020   0 3692049   9   01A1UD 
670527W004  0075000   0   1   0   0   02A1SD 
670527W004  0075001   0  28  52   0   02B1KD 
670527W004  0075002   0  88  11   9  183A1AD 
670527W004  0075003   0 283  18  18  743A2AE 
670527W004  0075004   0  11   0   0   63A3AF 
670527W004  0075005   0   3   4   6   53B11D 
670527W004  0075006   0  22   2  15  143B21E 
670527W004  0075007   0   2   0   0   13B31F 
670527W004  0075008   0  22  33   7  313C2YE 
670527W004  0075009   0   6   6   0   23C3YF 
670527W004  0075010   0  89  15   1  194A1BG 
670527W004  0075011   0   0   1   0   04B2BH 
670527W004  0075012   0  89  16   1  194C1BG 
670527W004  0075013   0  48  41   2   16B1 HV
670527W004  0075014   0 299 138  58  586C1  V
670527W004  0075015   01460 375 180 1945A1EDB
670527W004  0075016   0  22  24   1  213C1YD 
670527W004  0075017   0 459  98  56 1723D1A  
670527W004  0075018   0  59  68  91 1074A3  V
670527W004  0075019   01519 443 271 3015A4  V
670527W004  0075020   0 251  97  56  576A1 GV
670527W004  0075021   0 2421400  13   01A1UD 
670527W004  0075022   0  79 324 216 1995B3V  
670527W004  0075023   0  14  22  32  205B2EK 
670527W004  0075024   0  65 302 184 1795B1EJ 
670603W001  0075000   0   8  19  16  223C1YD 
670603W001  0075001   0  21  31  48  343C2YE 
670603W001  0075002   0   9   6   1   23C3YF 
670603W001  0075003   0 528 182 138 2293D1A  
670603W001  0075004   0  34  47   8  264A1BG 
670603W001  0075005   0   3   2   0   04B1BG 
670603W001  0075006   0  37  49   8  264C1BG 
670603W001  0075007   0   1   7   0   02A1SD 
670603W001  0075008   0  14  22   0   02B1KD 
670603W001  0075009   0 347  33  42  753A2AE 
670603W001  0075010   0   3   0   0   03A3AF 
670603W001  0075011   0  33  35  20  683B21E 
670603W001  0075012   0   0  34   0   03B31F 
670603W001  0075013   0  18  61 115 1225A3EIV
670603W001  0075014   0 218 157  68  846A1 GV
670603W001  0075015   0  34   8   8  106B1 HV
670603W001  0075016   0 252 165  76  946C1  V
670603W001  0075017   01496 431 247 2515A1EDB
670603W001  0075018   01514 492 362 3735A4  V
670603W001  0075019   0 2011131  14   01A1UD 
670603W001  0075020   0  99  11   7  113A1AD 
670603W001  0075021   0   8  13   4  173B1AD 
670610W001  0075000   0  18  23   0   02B1KD 
670610W001  0075001   0  31  12   1  103A1AD 
670610W001  0075002   0  92  30  19  283A2AE 
670610W001  0075003   0   0   0   0   33A3AF 
670610W001  0075004   0  27   8   3  143B11D 
670610W001  0075005   0  32  11  23  443B21E 
670610W001  0075006   0   4   0   1   23B31F 
670610W001  0075007   0  20  38  18  333C1YD 
670610W001  0075008   0  43  62  48  643C2YE 
670610W001  0075009   0   3   3   6  163C3YF 
670610W001  0075010   0   0   3   0   02A1SD 
670610W001  0075011   0 252 164 119 2143D1A  
670610W001  0075012   0  19  27  27  814A1BG 
670610W001  0075013   0   0   0   0   34B1BG 
670610W001  0075014   0  19  27  27  844C1BG 
670610W001  0075015   0 139 110  85  626C1   
670610W001  0075016   0 111 813  12   01A1UD 
670610W001  0075017   0 605 179 189 1805A1EDB
670610W001  0075018   0 656 238 284 2715A4V  
670610W001  0075019   0  51  59  95  915A3EI 
670610W001  0075020   0 133  94  82  616A1VG 
670610W001  0075021   0   6  16   3   16B1VH 
670617W002  0075000   0   0   2   0   33B31F 
670617W002  0075001   0  15  22  10  403C1YD 
670617W002  0075002   0  39  35  24  813C2YE 
670617W002  0075003   0   3   1   0   53C3YF 
670617W002  0075004   0 162 145 117 3593D1A  
670617W002  0075005   0  15  31  22  474A1BG 
670617W002  0075006   0   0   3   0   04B1BG 
670617W002  0075007   0  15  34  22  474C1BG 
670617W002  0075008   0   0   1   0   02A1SD 
670617W002  0075009   0  20  51   0   02B1KD 
670617W002  0075010   0   2   1   0   02C1PD 
670617W002  0075011   0  14  14  24  243A1AD 
670617W002  0075012   0  82  43  50 1353A2AE 
670617W002  0075013   0   0  18   2  303B11D 
670617W002  0075014   0   9  10   7  413B21E 
670617W002  0075015   0 750 227 446 3785A1EDB
670617W002  0075016   0  30  45 125 1195A3EI 
670617W002  0075017   0 780 272 571 4975A4V  
670617W002  0075018   0  20   2  11  116B1VH 
670617W002  0075019   0 183  78 104  956C1V  
670617W002  0075020   0 163  76  93  846A1VG 
670617W002  0075021   0 159 984  31   01A1VD 
670624W003  0075000   0  18   6   3   23B11D 
670624W003  0075001   0  18  21   3  403B21E 
670624W003  0075002   0   0   0   0   13B31F 
670624W003  0075003   0   5  26   2   73C1YD 
670624W003  0075004   0  17  58   8  123C2YE 
670624W003  0075005   0   0  38   0   03C3YF 
670624W003  0075006   0 179 187  33  893D1A  
670624W003  0075007   0   0   5   0   02A1SD 
670624W003  0075008   0  15  20   0   02B1KD 
670624W003  0075009   0  28  17   3   23A1AD 
670624W003  0075010   0  93  21  14  253A2AE 
670624W003  0075011   0  21  87   0   94A1BG 
670624W003  0075012   0  21  87   0   94C1BG 
670624W003  0075013   0 688 365 782 1575A1EDB
670624W003  0075014   0 720 425 909 2865A4V  
670624W003  0075015   0  32  60 127 1295A3EI 
670624W003  0075016   0 2281186  25   01A1UD 
670624W003  0075017   0 137 112  79  416A1VG 
670624W003  0075018   0  15  18  17   06B1VH 
670701W004  0075000   0   1   2   0   02A1SD 
670701W004  0075001   0  14   3   0   02B1KD 
670701W004  0075002   0  20   4  12   53A1AD 
670701W004  0075003   0  73  17  44  173A2AE 
670701W004  0075004   0   3   7   3   63B11D 
670701W004  0075005   0  47  10  15  383B21E 
670701W004  0075006   0   0   0   0   13B31F 
670701W004  0075007   0   6   9  24  453C1YD 
670701W004  0075008   0  15  20  92  783C2YE 
670701W004  0075009   0   4   1   0  223C3YF 
670701W004  0075010   0 168  68 190 2123D1A  
670701W004  0075011   0   6  12  19  714A1BG 
670701W004  0075012   0   6  12  19  714C1BG 
670701W004  0075013   0 577 383 441 1965A1EDB
670701W004  0075014   0 602 508 550 3025A4V  
670701W004  0075015   0  25 125 109 1065A3EI 
670701W004  0075016   0 135 180 132 1665B1EJ 
670701W004  0075017   0  53  40  61  345B2EK 
670701W004  0075018   0 188 220 193 2005B3V  
670701W004  0075019   0 123 228  99  326A1VG 
670701W004  0075020   0  13  23   6   46B1VH 
670701W004  0075021   0 136 251 105  366C1V  
670701W004  0075022   0 120 979   3   01A1UD 
670708W001  0075000   0 135 109 132 1803D1A  
670708W001  0075001   0  45  16  41  334A1BG 
670708W001  0075002   0   0   1   0   04B1BG 
670708W001  0075003   0  45  17  41  334C1BG 
670708W001  0075004   0  22  25   0   02B1KD 
670708W001  0075005   0  26  11  17  103A1AD 
670708W001  0075006   0  43  50  81  563A2AE 
670708W001  0075007   0   1   0   6   03A3AF 
670708W001  0075008   0   3   5   3   83B11D 
670708W001  0075009   0  13   9   2  133B21E 
670708W001  0075010   0   0   0  16   03B31F 
670708W001  0075011   0  18  16   4  233C1YD 
670708W001  0075012   0  31  17   3  653C2YE 
670708W001  0075013   0   0   1   0   53C3YF 
670708W001  0075014   0   1   0   0   02C1SD 
670708W001  0075015   0 2461289   7   01A1UD 
670708W001  0075016   0   1   0   0   02A1SD 
670708W001  0075017   01349 310 316 1755A1EDB
670708W001  0075018   0  26  32 117  985A3EI 
670708W001  0075019   01375 342 433 2735A4V  
670708W001  0075020   0 111 118 102  406A1VG 
670708W001  0075021   0  11   9   4   26B1VH 
670708W001  0075022   0 122 127 106  426C1V  
670715W002  0075000   0  12  51  38  163A1AD 
670715W002  0075001   0  39 163 122  353A2AE 
670715W002  0075002   0  15   0   4   03A3AF 
670715W002  0075003   0  14   2   8  223B11D 
670715W002  0075004   0  27  17  24  293B21E 
670715W002  0075005   0   4   0   0   13B31F 
670715W002  0075006   0  14   4   7  143C1YD 
670715W002  0075007   0  41  11  17  183C2YE 
670715W002  0075008   0   1   0   0   93C3YF 
670715W002  0075009   0 167 248 220 1443D1A  
670715W002  0075010   0  34  11  29  404A1BG 
670715W002  0075011   0   0   0   1   24B1BG 
670715W002  0075012   0  34  11  30  424C1BG 
670715W002  0075013   0   1   5   0   02A2SE 
670715W002  0075014   0  24  41   0   02B1KD 
670715W002  0075015   01381 136 182  776C1V  
670715W002  0075016   0  52  27  34   36B1VH 
670715W002  0075017   0 923 482 603 2605A4V  
670715W002  0075018   01329 109 148  746A1VG 
670715W002  0075019   0 897 450 486 1625A1EDB
670715W002  0075020   0 1651030   9   01A1UD 
670715W002  0075021   0  26  32 117  985A3EI 
670722W003  0075000   0  61   4  26   33A1AD 
670722W003  0075001   0 209  31  48  423A2AE 
670722W003  0075002   0   0   0  15   03A3AF 
670722W003  0075003   0  20   3  17   73B11D 
670722W003  0075004   0  35  23  35  243B21E 
670722W003  0075005   0   1   2  12   03B31F 
670722W003  0075006   0   7   2  13  123C1YD 
670722W003  0075007   0   9  11  20  123C2YE 
670722W003  0075008   0   0   0   3   03C3YF 
670722W003  0075009   0 342  76 189 1003D1A  
670722W003  0075010   0  30  11  97   54A1BG 
670722W003  0075011   0   2   0   2   04B1BG 
670722W003  0075012   0  32  11  99   54C1BG 
670722W003  0075013   0   0   5   0   02A1SD 
670722W003  0075014   0  16  29   1   02B1KD 
670722W003  0075015   0 994 259 394 1135A1EDB
670722W003  0075016   0  21  35 105 2865A3EI 
670722W003  0075017   01015 294 499 3995A4V  
670722W003  0075018   0 225 134  93  876A1VG 
670722W003  0075019   0  27  51  14   36B1VH 
670722W003  0075020   0 252 185 107  906C1V  
670722W003  0075021   0  98 820   4   01A1UD 
670729W004  0075000   0   0   0   1   03B31F 
670729W004  0075001   0   2   5   4   13C1YD 
670729W004  0075002   0   6   8  17  133C2YE 
670729W004  0075003   0   0   0   0   13C3YF 
670729W004  0075004   0 138  57  99  663D1A  
670729W004  0075005   0   5  95  16   24A1BG 
670729W004  0075006   0   0   6   0   04B1BG 
670729W004  0075007   0   5 101  16   24C1BG 
670729W004  0075008   0   3  26   1   02A1KD 
670729W004  0075009   0  10  30   0   02A2KE 
670729W004  0075010   0   0   0   5   02B2SE 
670729W004  0075011   0  15   6   7   23A1AD 
670729W004  0075012   0  83  19  33  303A2AE 
670729W004  0075013   0   5   5   0   03A3AF 
670729W004  0075014   0   4   3   8   43B11D 
670729W004  0075015   0  23  11  29  153B21E 
670729W004  0075016   0  59  85 107 1435B1EJ 
670729W004  0075017   0  13  11  28   85B2EK 
670729W004  0075018   0  72  96 135 1515B3V  
670729W004  0075019   0  19  37   9   26B1VH 
670729W004  0075020   0  65  26  33  111A1UD 
670729W004  0075021   0   2   3   2   21A3UF 
670729W004  0075022   0 605 443 247 1085A1EDB
670729W004  0075023   0 174 172  49  276A1VG 
670729W004  0075024   0 193 209  58  296C1V  
670729W004  0075025   0 685 129 296  831A2UE 
670729W004  0075026   0 650 471 390 2695A4V  
670729W004  0075027   0  45  28 143 1615A3EI 
670805W005  0075000   0   8  11   0   02A1KD 
670805W005  0075001   0  44  24   0   02A2KE 
670805W005  0075002   0   0   0   8   02B2SE 
670805W005  0075003   0   6  11  15  663A1AD 
670805W005  0075004   0  33  34  42 2543A2AE 
670805W005  0075005   0   0   0   2   03A3AF 
670805W005  0075006   0  14   8   4  203B11D 
670805W005  0075007   0  26  33   9  203B21E 
670805W005  0075008   0   1   0   0   23B31F 
670805W005  0075009   0   6  10   2   01A3UF 
670805W005  0075010   0  35  13   7  213C1YD 
670805W005  0075011   0  38   9  11  363C2YE 
670805W005  0075012   0  21   3   5   63C3YF 
670805W005  0075013   0 174 111  95 4253D1A  
670805W005  0075014   0  12   4   7  464A1BG 
670805W005  0075015   0   2   0   0   24B1BG 
670805W005  0075016   0  14   4   7  484C1BG 
670805W005  0075017   0   2   0   0   01A4U  
670805W005  0075018   0 463 243 121   95A1EDB
670805W005  0075019   0 101  61  17 3385A2EDA
670805W005  0075020   0  32  11 135  825A3EI 
670805W005  0075021   0 596 315 273 4295A4V  
670805W005  0075022   0 157 136  61  726A1VG 
670805W005  0075023   0  26  19   2   36B1VH 
670805W005  0075024   0 183 155  63  756C1V  
670805W005  0075025   0 438  49 177  571A5U  
670805W005  0075026   0  69   4  21   31A1UD 
670805W005  0075027   0 361  35 154  541A2UE 
670812W001  0075000   0  92  48  28  593A2AE 
670812W001  0075001   0   1   0   7   03A3AF 
670812W001  0075002   0  49   6   4  183B11D 
670812W001  0075003   0  46   8  21  383B21E 
670812W001  0075004   0  28   0   1   23B31F 
670812W001  0075005   0  11  16  41  273C1YD 
670812W001  0075006   0  25  28  86  453C2YE 
670812W001  0075007   0   2   0  18   33C3YF 
670812W001  0075008   0 278 120 218 1983D1A  
670812W001  0075009   0  92  38  38  294A1BG 
670812W001  0075010   0   7   2   7   01A3UF 
670812W001  0075011   0   4   7   1   02A1KD 
670812W001  0075012   0  11  10   0   02A2KE 
670812W001  0075013   0   0   0   6   02B1SD 
670812W001  0075014   0   0   0  21   02B2SE 
670812W001  0075015   0  24  14  12   63A1AD 
670812W001  0075016   0  15   7   4   14B1BG 
670812W001  0075017   0 107  45  42  304C1BG 
670812W001  0075018   0 111 105 165  915A2EDA
670812W001  0075019   0  44   9  23   21A1UD 
670812W001  0075020   0 324 140 120   05A1EDB
670812W001  0075021   0  25  63  58 1265A3EI 
670812W001  0075022   0 106  79 173  376A1VG 
670812W001  0075023   0   6   9  24   06B1VH 
670812W001  0075024   0 112  88 197  376C1V  
670812W001  0075025   0 306  62 219  281A2UE 
670812W001  0075026   0 460 308 343 2175A4V  
670819W002  0075000   0 217 205  40 1975A2EDA
670819W002  0075001   0 705 427 157 2045A4V  
670819W002  0075002   0  15   1   0   02A1KD 
670819W002  0075003   0  12  10   0   02A2KE 
670819W002  0075004   0   0   0   1   02B1SD 
670819W002  0075005   0   0   0   3   02B2SE 
670819W002  0075006   0  40  10  16  453A1AD 
670819W002  0075007   0  94  94  30 1033A2AE 
670819W002  0075008   0   0   0   0   23A3AF 
670819W002  0075009   0   8   3  10  193B11D 
670819W002  0075010   0  27  12  29  533B21E 
670819W002  0075011   0   0   0   0   33B31F 
670819W002  0075012   0   6   2   9   43C1YD 
670819W002  0075013   0  24  20  41  113C2YE 
670819W002  0075014   0   1   0   0   03C3YF 
670819W002  0075015   0 199 141 135 2403D1A  
670819W002  0075016   0  17   8   1  744A1BG 
670819W002  0075017   0   0   1   0  114B1BG 
670819W002  0075018   0  17   9   1  854C1BG 
670819W002  0075019   0  77  18  12   01A1UD 
670819W002  0075020   0   0   5   1   01A3UF 
670819W002  0075021   0 498 238 117   95A1EDB
670819W002  0075022   0  38  64 105 1255A3EI 
670819W002  0075023   0 252  70  43  666A1VG 
670819W002  0075024   0 277  78  44  706C1V  
670819W002  0075025   0  25   8   1   46B1VH 
670819W002  0075026   0 558  63 133  291A2UE 
670826W003  0075000   0   0   0   1   02B1SD 
670826W003  0075001   0   0   0   3   02B2SE 
670826W003  0075002   0   0   0   4   02B4S  
670826W003  0075003   0  12   9   6  133A1AD 
670826W003  0075004   0  60  43  70  773A2AE 
670826W003  0075005   0   1   1   3  193B11D 
670826W003  0075006   0  10   4  10  393B21E 
670826W003  0075007   0  12   0   9  103C1YD 
670826W003  0075008   0  21   0  11   43C2YE 
670826W003  0075009   0   1   1   2   03C3YF 
670826W003  0075010   0 117  58 111 1623D1A  
670826W003  0075011   0   5   8   4   34A1BG 
670826W003  0075012   0   5   8   4   34C1BG 
670826W003  0075013   0 104  66 133 1805A2EDA
670826W003  0075014   0   2  12   0   02A1KD 
670826W003  0075015   0   8  11   0   02A2KE 
670826W003  0075016   0  10  23   0   02A4K  
670826W003  0075017   0  70  20  15   81A1UD 
670826W003  0075018   0 477  87 127  541A2UE 
670826W003  0075019   0   2   8   3   01A3UF 
670826W003  0075020   0 586 241 194   35A1EDB
670826W003  0075021   0  30  56 104 1445A3EI 
670826W003  0075022   0 720 363 431 3275A4V  
670826W003  0075023   0 210 126 215  996A1VG 
670826W003  0075024   0   8   9  17   16B1VH 
670826W003  0075025   0 218 135 232 1006C1V  
670902W004  0075000   0 210  23  23 1163A2AE 
670902W004  0075001   0   6   0   0   03A3AF 
670902W004  0075002   0  22   9   4   83B1AD 
670902W004  0075003   0  51  37  26  333B2AE 
670902W004  0075004   0   1   0   1   63B3AF 
670902W004  0075005   0  38  22   3  273C1AD 
670902W004  0075006   0  44  45  24  423C2AE 
670902W004  0075007   0  15  11   0   43C3AF 
670902W004  0075008   0 493 158  96 2513D1A  
670902W004  0075009   0  84  23  11  314A1BG 
670902W004  0075010   0   6   2   1   04B1BG 
670902W004  0075011   0  90  25  12  314C1BG 
670902W004  0075012   0  82  81  43  306C1V  
670902W004  0075013   0  13  22   0   02A1KD 
670902W004  0075014   0  15  22   0   02A2KE 
670902W004  0075015   0   0   0   6   02B2SE 
670902W004  0075016   0 106  11  15  153A1AD 
670902W004  0075017   0   2   0  10   01A3UF 
670902W004  0075018   0 342 100  98   65A1EDB
670902W004  0075019   0 326  81  26  855A2EDA
670902W004  0075020   0  14  36  68  855A3EI 
670902W004  0075021   0 682 217 192 1765A4V  
670902W004  0075022   0  90  78  57  296A1VG 
670902W004  0075023   0   8  39  76  265B2EK 
670902W004  0075024   0  97 147 159 1785B1EJ 
670902W004  0075025   0   9  10   1   16B1VH 
670902W004  0075026   0 896  91 315  801A2UE 
670902W004  0075027   0  89  23  31   11A1UD 
670909W001  0075000   0 170  86  24 1113A2AE 
670909W001  0075001   0   0   6   0   03A3AF 
670909W001  0075002   0  22   9   0  303B11D 
670909W001  0075003   0  67  26  30  943B21E 
670909W001  0075004   0   0   0   0   33B31F 
670909W001  0075005   0  21  14  10  213C1YD 
670909W001  0075006   0  54  32  48  493C2YE 
670909W001  0075007   0   0   0   0  143C3YF 
670909W001  0075008   0 365 214 117 3533D1A  
670909W001  0075009   0  43  36  19  664A1BG 
670909W001  0075010   0   0   0   1   04B1BG 
670909W001  0075011   0  43  36  20  664C1BG 
670909W001  0075012   0 814 119 152  165A1EDB
670909W001  0075013   0 513 262  20 2075A2EDA
670909W001  0075014   0   1   2  11   01A3UF 
670909W001  0075015   0   6  16   0   02A1KD 
670909W001  0075016   0  28  20   0   02A2KE 
670909W001  0075017   0   0   0   1   02C1TD 
670909W001  0075018   0   0   0   1   02C3TF 
670909W001  0075019   0  31  41   5  313A1AD 
670909W001  0075020   0   0   0   0   11A4U  
670909W001  0075021   0  31   4  13   86B1VH 
670909W001  0075022   0 251  83 137  826A1VG 
670909W001  0075023   01337 390 202 3295A4V  
670909W001  0075024   0  37  15  50 1065A3EI 
670909W001  0075025   01115 105 252  391A2UE 
670909W001  0075026   0 282  87 150  906C1V  
670909W001  0075027   0 189  13  45   31A1UD 
670916W002  0075000   0  13   0   0   03A3AF 
670916W002  0075001   0  64   4   6   33B11D 
670916W002  0075002   0 102  27  28  173B21E 
670916W002  0075003   0  23   0   2   03B31F 
670916W002  0075004   0  29  24   9  173C1YD 
670916W002  0075005   0  36  55  18  403C2YE 
670916W002  0075006   0   5   1   2   13C3YF 
670916W002  0075007   0 506 138 109 1003D1A  
670916W002  0075008   0 129   8  12  134A1BG 
670916W002  0075009   0   3   0   0   04B1BG 
670916W002  0075010   0 254  99  80 1805A2EDA
670916W002  0075011   0  21  25   0   02A1KD 
670916W002  0075012   0  87  39   0   02A2KE 
670916W002  0075013   0  47   2   8   23A1AD 
670916W002  0075014   0 187  25  36  203A2AE 
670916W002  0075015   0  11  44  83 1055A3EI 
670916W002  0075016   01050 247 242 4365A4V  
670916W002  0075017   0 102  89  82  756A1VG 
670916W002  0075018   0  14   7  13   26B1VH 
670916W002  0075019   0 116  96  95  776C1V  
670916W002  0075020   0 132   8  12  134C1BG 
670916W002  0075021   0 785 104  79 1515A1EDB
670916W002  0075022   0   3   0   1   11A3UF 
670916W002  0075023   0 790  95 218 1131A2UE 
670916W002  0075024   0 117  12  26   81A1UD 
670923W003  0075000   0   1   3   0   43C3YF 
670923W003  0075001   0   4  13   3  134A1BG 
670923W003  0075002   0   4  13   3  134C1BG 
670923W003  0075003   0  53 165  49  905A2EDA
670923W003  0075004   0  12  22   0   02A1KD 
670923W003  0075005   0  34  51   0   02A2KE 
670923W003  0075006   0   0   0   1   02B1SD 
670923W003  0075007   0   0   0   3   02B2SE 
670923W003  0075008   0   0   0   2   02C1PD 
670923W003  0075009   0   9  25   3   53A1AD 
670923W003  0075010   0  31  79  20  603A2AE 
670923W003  0075011   0   0   7   0   03A3AF 
670923W003  0075012   0   1   5   1   63B11D 
670923W003  0075013   0   7  12   6  163C1YD 
670923W003  0075014   0  50  19  58  263C2YE 
670923W003  0075015   0 467 196 145   35A1EDB
670923W003  0075016   0 534 385 280 3595A4V  
670923W003  0075017   0  48  76  78  596A1VG 
670923W003  0075018   0   2   8   5   46B1VH 
670923W003  0075019   0  50  84  83  636C1V  
670923W003  0075020   0   1   1   3   01A3UF 
670923W003  0075021   0  14  24  86 2665A3EI 
670923W003  0075022   0   6   6  10  153B2AE 
670923W003  0075023   0  94  17  24   11A1UD 
670923W003  0075024   0 911 104 341  251A2UE 
670930W004  0075000   0  38  22  47  403C2YE 
670930W004  0075001   0   0   0   0   23C3YF 
670930W004  0075002   0 210  98 117 1553D1A  
670930W004  0075003   0   5   4  10  174A1BG 
670930W004  0075004   0   5   4  10  174C1BG 
670930W004  0075005   0 117  62  51 1205A2EDA
670930W004  0075006   0  15  13   0   02A1KD 
670930W004  0075007   0  26  16   0   02A2KE 
670930W004  0075008   0   0   0   5   02B1SD 
670930W004  0075009   0   0   0  11   02B2SE 
670930W004  0075010   0   0   0  16   02B4S  
670930W004  0075011   0  15   3   7   53A1AD 
670930W004  0075012   0 124  39  13  473A2AE 
670930W004  0075013   0   1   0   0   03A3AF 
670930W004  0075014   0   2   8   8   73B11D 
670930W004  0075015   0  15  16  23  373B21E 
670930W004  0075016   0   0   0   2   03B31F 
670930W004  0075017   0  15  10  17  173C1YD 
670930W004  0075018   0 831 105 293  291A2UE 
670930W004  0075019   0 442 177 113  185A1EDB
670930W004  0075020   0  13  23  69  725A3EI 
670930W004  0075021   0 572 262 233 2105A4V  
670930W004  0075022   0 158 122  82  476A1VG 
670930W004  0075023   0  17  14   3   16B1VH 
670930W004  0075024   0 175 136  85  486C1V  
670930W004  0075025   0  81  88  28   51A1UD 
670930W004  0075026   0   2   3   3   01A3UF 
671007W001  0075000   0   4  14  48  123B1AD 
671007W001  0075001   0  26  11  61  353B2AE 
671007W001  0075002   0   0   0  27   83B3AF 
671007W001  0075003   0  12   5   1  353C1AD 
671007W001  0075004   0  41  18  20  453C2AE 
671007W001  0075005   0   3   0   0   43C3AF 
671007W001  0075006   0   2   0   0   04A1WG 
671007W001  0075007   0   1   0   0   04A2WH 
671007W001  0075008   0  48  16   6  624D1AG 
671007W001  0075009   0   1   0   0   04D2AH 
671007W001  0075010   0   0   1   0   01C1JD 
671007W001  0075011   0   0   0   1   01D3NF 
671007W001  0075012   0   5  11   1   02A1KD 
671007W001  0075013   0   3  14   0   02A2KE 
671007W001  0075014   0   0   0   3   02B2SE 
671007W001  0075015   0   0   0   2   02C1TD 
671007W001  0075016   0   0   0   1   02C2TE 
671007W001  0075017   0  40  16   7  363A1AD 
671007W001  0075018   0 166  44  32  933A2AE 
671007W001  0075019   0   3   6   0   13A3AF 
671007W001  0075020   0  41  75  93 1455B1EJ 
671007W001  0075021   0   8  16  22  305B2EK 
671007W001  0075022   0   4   0   4   01C3JF 
671007W001  0075023   0   1   0   2   01D1ND 
671007W001  0075024   0  15   0   6   01D2NE 
671007W001  0075025   0 325 113 203  525A1EDB
671007W001  0075026   0 280  90  52 2665A2EDA
671007W001  0075027   0 119  58 105  336A1VG 
671007W001  0075028   0  14  10  12   56B1VH 
671007W001  0075029   0  15  30  75  875A3EI 
671007W001  0075030   0   0   0   0   04D3A  
671007W001  0075031   0  46  17  39  201A1WD 
671007W001  0075032   0 167 103 242  541A2WE 
671007W001  0075033   0   1   3   6   31A3WF 
671007W001  0075034   0  18   0   0   01B1MD 
671007W001  0075035   0 202   0   0   01B2ME 
671007W001  0075036   0   1   0   0   01B3MF 
671014W002  0075000   0   0   1   2   01C3JF 
671014W002  0075001   0   0   0   5   01D3NF 
671014W002  0075002   0   3   4   0   02A1KD 
671014W002  0075003   0   7  10   3   02A2KE 
671014W002  0075004   0  32   4  28   13A1AD 
671014W002  0075005   0  80  30 102  323A2AE 
671014W002  0075006   0   1   1   0   03A3AF 
671014W002  0075007   0   9   7   8   63B11D 
671014W002  0075008   0  36  26  19  453B21E 
671014W002  0075009   0   0   0   8   13B31F 
671014W002  0075010   0  13   5  11  393C1YD 
671014W002  0075011   0  25  15  10  443C2YE 
671014W002  0075012   0  13   0   0  113C3YF 
671014W002  0075013   0   0   0   1   04A1WG 
671014W002  0075014   0   1   0   0   04A2WH 
671014W002  0075015   0  24   3 103  584D1AG 
671014W002  0075016   0   0   0   3   04D2AH 
671014W002  0075017   0   0   2   0   04E1BG 
671014W002  0075018   0   4   0   8   01A3WF 
671014W002  0075019   0   5   0   0   01B3MF 
671014W002  0075020   0   5   1   0   01C1JD 
671014W002  0075021   0  18  30  74 1105A3EI 
671014W002  0075022   0   0   1   3   01C2JE 
671014W002  0075023   0   6   0   0   01D1ND 
671014W002  0075024   0 214  90  65 1775A2EDA
671014W002  0075025   0   8  18 153   36B1VH 
671014W002  0075026   0  52  11  44   11A1WD 
671014W002  0075027   0 139 115 678  646A1VG 
671014W002  0075028   0 427 175 176   65A1EDB
671014W002  0075029   0 154  60 287  371A2WE 
671014W002  0075030   0  57   0   0   01B1MD 
671014W002  0075031   0 304   0   0   01B2ME 
671014W002  0075032   0  13   0  31   01D2NE 
671021W003  0075000   0   2   0   7   11A3WF 
671021W003  0075001   0   3   1   1   01C2JE 
671021W003  0075002   0  22  26  25  253C2YE 
671021W003  0075003   0   0   0   8   04A1WG 
671021W003  0075004   0   0   0   1   04A2WH 
671021W003  0075005   0   4   0   0   04B1MG 
671021W003  0075006   0   1   0   0   04B2MH 
671021W003  0075007   0  13   6   0   24D1AG 
671021W003  0075008   0 301  42  37 1225A2EDA
671021W003  0075009   0   1   0   0   01D1ND 
671021W003  0075010   0   4   3   0   02A1KD 
671021W003  0075011   0  22   1   0   02A2KE 
671021W003  0075012   0  28   3   2   33A1AD 
671021W003  0075013   0 164   8  24  433A2AE 
671021W003  0075014   0   1   1   0   03A3AF 
671021W003  0075015   0   2   7  10   13B11D 
671021W003  0075016   0   5  26  16  163B21E 
671021W003  0075017   0  14   0   7   43C1YD 
671021W003  0075018   0  19  37 101 1565A3EI 
671021W003  0075019   0 343 136 247  155A1EDB
671021W003  0075020   0 172  59 594  556A1VG 
671021W003  0075021   0  12   0  31   06B1VH 
671021W003  0075022   0   9   0   6   01D2NE 
671021W003  0075023   0  40   0   0   01B1MD 
671021W003  0075024   0   2   0   0   01C1JD 
671021W003  0075025   0   1   0   2   01C3JF 
671021W003  0075026   0 130  71 252   91A2WE 
671021W003  0075027   0 260   0   0   01B2ME 
671021W003  0075028   0  18  12  86   01A1WD 
671028W004  0075000   0   5   8  11  113B11D 
671028W004  0075001   0  16  27  54  723B21E 
671028W004  0075002   0   0   0   0   43B31F 
671028W004  0075003   0  13  18  16  423C1YD 
671028W004  0075004   0  18  36  84  763C2YE 
671028W004  0075005   0   0   0   7   04A1WG 
671028W004  0075006   0   0   0   1   04A2WH 
671028W004  0075007   0   4   5  44  894D1AG 
671028W004  0075008   0   0   0   1   04D2AH 
671028W004  0075009   0   0   2   1   11A3WF 
671028W004  0075010   0 124  54 280 1705A2EDA
671028W004  0075011   0   4  54   0   02A1KD 
671028W004  0075012   0   5 111   0   02A2KE 
671028W004  0075013   0   0   0   1   02B2SE 
671028W004  0075014   0   0   0   3   02C2TE 
671028W004  0075015   0   0   0   2   02D1PD 
671028W004  0075016   0  17  20  29  203A1AD 
671028W004  0075017   0  91  18  96  833A2AE 
671028W004  0075018   0   0   0   0   33A3AF 
671028W004  0075019   0   1   0   0   01D1ND 
671028W004  0075020   0  52   0   0   01B1MD 
671028W004  0075021   0 524 107 129   05A1EDB
671028W004  0075022   0  22   4  28   46B1VH 
671028W004  0075023   0  14   1  13   01D2NE 
671028W004  0075024   0  66   6  52   01A1WD 
671028W004  0075025   0   1   1   3   93C3YF 
671028W004  0075026   0 312   0   0   01B2ME 
671028W004  0075027   0 152  78 183  506A1VG 
671028W004  0075028   0  29  34  49  795A3EI 
671028W004  0075029   0   4   1   2   01C2JE 
671028W004  0075030   0 229  74 305  161A2WE 
671104W005  0075000   0   8   0  14  573A1AD 
671104W005  0075001   0  52  13  93 1833A2AE 
671104W005  0075002   0   0   0   0   23A3AF 
671104W005  0075003   0   1   0  12  123B11D 
671104W005  0075004   0  10   0  32  293B21E 
671104W005  0075005   0   0   0  16  113B31F 
671104W005  0075006   0  10  26   6  143C1YD 
671104W005  0075007   0  28  32  40  213C2YE 
671104W005  0075008   0   1  25   0   53C3YF 
671104W005  0075009   0   1  46  10  354D1AG 
671104W005  0075010   0   2   0   2   01A3WF 
671104W005  0075011   0   2   0   0   01B3MF 
671104W005  0075012   0   1   0   0   01C3JF 
671104W005  0075013   0   0   3   0   02A1KD 
671104W005  0075014   0   1   6   0   02A2KE 
671104W005  0075015   0   0   0   2   02B2SE 
671104W005  0075016   0   0   0   3   02C1TD 
671104W005  0075017   0   0   0   6   02C2TE 
671104W005  0075018   0 204  44 245 2525A2EDA
671104W005  0075019   0   5   8  47  396B1VH 
671104W005  0075020   0  34   0   0   01B1MD 
671104W005  0075021   0   1   0   3   01C1JD 
671104W005  0075022   0   4   0   0   01C2JE 
671104W005  0075023   0   3   0   0   01D1ND 
671104W005  0075024   0 136  87 142 3176A1VG 
671104W005  0075025   0  79 153 345  401A2WE 
671104W005  0075026   0  15  21  44   21A1WD 
671104W005  0075027   0 236   0   0   01B2ME 
671104W005  0075028   0  13   0   5   01D2NE 
671104W005  0075029   0 504 193 715  125A1EDB
671104W005  0075030   0  29  34  49  795A3EI 
671104W005  0075031   0  69 123 100 1605B1EJ 
671104W005  0075032   0   7  47  33  315B2EK 
671111W001  0075000   0  82  15  20  753C2YE 
671111W001  0075001   0  13  44   0   73C3YF 
671111W001  0075002   0   1   0   0   04A1WG 
671111W001  0075003   0  42  52  24 1064D1AG 
671111W001  0075004   0   0   2   1   34D2AH 
671111W001  0075005   0 198 105  47 2865A2EDA
671111W001  0075006   0   8   0   0   01D3NF 
671111W001  0075007   0   1  45   5   02A1KD 
671111W001  0075008   0   8  59   8   02A2KE 
671111W001  0075009   0   0   0   3   02B1SD 
671111W001  0075010   0   0   0   9   02B2SE 
671111W001  0075011   0   0   0   3   02C1TD 
671111W001  0075012   0   0   0  19   02C2TE 
671111W001  0075013   0  22  30  13  673A1AD 
671111W001  0075014   0   1   1   7  163A3AF 
671111W001  0075015   0  14   1  12  113B11D 
671111W001  0075016   0  49  12  49  713B21E 
671111W001  0075017   0   0   2   0   03B31F 
671111W001  0075018   0  24  35   7  433C1YD 
671111W001  0075019   0 475 671 223 1415A1EDB
671111W001  0075020   0 132 213 126 1076A1VG 
671111W001  0075021   0  13  35  22   56B1VH 
671111W001  0075022   0   3  27   4   21A3WF 
671111W001  0075023   0  66   0   0   01B1MD 
671111W001  0075024   0  16  28  36  635A3EI 
671111W001  0075025   0  88  55  77  103A2AE 
671111W001  0075026   0  38  88  31   91A1WD 
671111W001  0075027   0 193 453 260   91A2WE 
671111W001  0075028   0   3   0   0   01D1ND 
671111W001  0075029   0   1   0   0   01C3JF 
671111W001  0075030   0 364   0   0   01B2ME 
671111W001  0075031   0   4   0   0   01C2JE 
671111W001  0075032   0  27   0   5   01D2NE 
671111W001  0075033   0   1   0   3   01C1JD 
671118W002  0075000   0   0   0   5   02C2TE 
671118W002  0075001   0  11  70  25  183A1AD 
671118W002  0075002   0  18 158  78 1183A2AE 
671118W002  0075003   0   0  17   4   03A3AF 
671118W002  0075004   0   5  37  20  103B11D 
671118W002  0075005   0  10   5  60  323B21E 
671118W002  0075006   0   0   4  27   03B31F 
671118W002  0075007   0   7   2  22  423C1YD 
671118W002  0075008   0  20  24  33  763C2YE 
671118W002  0075009   0   1   0   0   01B3MF 
671118W002  0075010   0   0   0   0   11D1ND 
671118W002  0075011   0   1   4   2   02A1KD 
671118W002  0075012   0   5   1   8   02A2KE 
671118W002  0075013   0   0   0   2   02B1SD 
671118W002  0075014   0   0   0   1   02B2SE 
671118W002  0075015   0   0   0   1   02C1TD 
671118W002  0075016   0   0   0   2   04A1WG 
671118W002  0075017   0  26  51 100  564D1AG 
671118W002  0075018   0   0   3   1   04D2AH 
671118W002  0075019   0 124 113  71 1835A2EDA
671118W002  0075020   0   9   0   5   83C3YF 
671118W002  0075021   0  10   8   1   01A3WF 
671118W002  0075022   0  16   0   0   01B1MD 
671118W002  0075023   0   1   0   4   01D2NE 
671118W002  0075024   0 100 145  93   16A1VG 
671118W002  0075025   0   6  30  21 1226B1VH 
671118W002  0075026   0  14  28  24  765A3EI 
671118W002  0075027   0   0   0   0   01CSJ  
671118W002  0075028   0   2   0   0   01C2JE 
671118W002  0075029   0 317 418 125  685A1EDB
671118W002  0075030   0  40  73  47  121A1WD 
671118W002  0075031   0 114 292 262 1241A2WE 
671118W002  0075032   0 152   0   0   01B2ME 
671125W003  0075000   0   0   0   1   02B1SD 
671125W003  0075001   0   0   0  11   02C2TE 
671125W003  0075002   0   9  28  95  143A1AD 
671125W003  0075003   0  57 109 125 1423A2AE 
671125W003  0075004   0   0   0  15   03A3AF 
671125W003  0075005   0   2   6   6  173B11D 
671125W003  0075006   0  17  13  30  513B21E 
671125W003  0075007   0   4   0  12  233C1YD 
671125W003  0075008   0  26   3  45  463C2YE 
671125W003  0075009   0   1   0   3   63C3YF 
671125W003  0075010   0   1   2   0   01C3JF 
671125W003  0075011   0   1   0   0   01D1ND 
671125W003  0075012   0   2   2   3   02A1KD 
671125W003  0075013   0   3   4   0   02A2KE 
671125W003  0075014   0   5   6   3   02A4K  
671125W003  0075015   0   0   0   0   34A1WG 
671125W003  0075016   0   2  37 110  264D1AG 
671125W003  0075017   0   0   1   6   04D2AH 
671125W003  0075018   0  82  24 146 1895A2EDA
671125W003  0075019   0  19   0   0   01B1MD 
671125W003  0075020   0   0   1   1   01C1JD 
671125W003  0075021   0   1   3   0   01C2JE 
671125W003  0075022   0   4   0  18   01D2NE 
671125W003  0075023   0 491 659 213  185A1EDB
671125W003  0075024   0 104 127 216  716A1VG 
671125W003  0075025   0   9  20  45   36B1VH 
671125W003  0075026   0   0   0   5   01D3NF 
671125W003  0075027   0  29 141  56   91A1WD 
671125W003  0075028   0 133 378 321  251A2WE 
671125W003  0075029   0   4  99   6   01A3WF 
671125W003  0075030   0 189   0   0   01B2ME 
671125W003  0075031   0   3   0   0   01B3MF 
671202W004  0075000   0   0   6   6   04A1WG 
671202W004  0075001   0   0   2   1   04A2WH 
671202W004  0075002   0   2   2   0   01C3JF 
671202W004  0075003   0   1  14   8   02A1KD 
671202W004  0075004   0   0  12   7   02A2KE 
671202W004  0075005   0   0   0   5   02B1SD 
671202W004  0075006   0   0   0  19   02B2SE 
671202W004  0075007   0   9  19  28 1184D1AG 
671202W004  0075008   0   5   4   5  174D2AH 
671202W004  0075009   0 119 289 161 1845A2EDA
671202W004  0075010   0   0   2   4  353C3YF 
671202W004  0075011   0  18  18  66  823C2YE 
671202W004  0075012   0   3  12  22  713C1YD 
671202W004  0075013   0   0   0   0   13B31F 
671202W004  0075014   0  25  28  43  923B21E 
671202W004  0075015   0   8  29   5  383B11D 
671202W004  0075016   0   0   0   3  353A3AF 
671202W004  0075017   0  20  25 175 2073A2AE 
671202W004  0075018   0  10  32  38  923A1AD 
671202W004  0075019   0   4   0   0   01D1ND 
671202W004  0075020   0  11   0   5   01D2NE 
671202W004  0075021   0 325 154 213   55A1EDB
671202W004  0075022   0   6  27   5   01A3WF 
671202W004  0075023   0  24  20  25  705A3EI 
671202W004  0075024   0  56   0   0   01B1MD 
671202W004  0075025   0   5   3   1   01C2JE 
671202W004  0075026   0 110 112 142  916A1VG 
671202W004  0075027   0   9  13  34   36B1VH 
671202W004  0075028   0   2   0   0   01B3MF 
671202W004  0075029   0  18  19  39   51A1WD 
671202W004  0075030   0  64 151 220  181A2WE 
671202W004  0075031   0 335   0   0   01B2ME 
671209W001  0075000   0  12   2  35   02A2KE 
671209W001  0075001   0   0   1   0   02A3KF 
671209W001  0075002   0   0   0   1   02B2SE 
671209W001  0075003   0   0   0   5   02C2TE 
671209W001  0075004   0   1   0   0   04B1MG 
671209W001  0075005   0  36   3  66 1234D1AG 
671209W001  0075006   0   5   0   0   14D2AH 
671209W001  0075007   0  19  25  37 1223A1AD 
671209W001  0075008   0  93  47 121 1963A2AE 
671209W001  0075009   0   0   0   0   13A3AF 
671209W001  0075010   0   7  11   6  223B11D 
671209W001  0075011   0  13  56  14 2703B21E 
671209W001  0075012   0   0   6   6   03B31F 
671209W001  0075013   0  30   8  30  523C1YD 
671209W001  0075014   0 144  89  95 6405A2EDA
671209W001  0075015   0  36   8  38  553C2YE 
671209W001  0075016   0  72 128  42  715B1EJ 
671209W001  0075017   0   3  14  18  145B2EK 
671209W001  0075018   0   4   2  12   02A1KD 
671209W001  0075019   0 430 315 195  945A1EDB
671209W001  0075020   0 119  95 110 1816A1VG 
671209W001  0075021   0   7   0  65   01D2NE 
671209W001  0075022   0   4   8  10  236B1VH 
671209W001  0075023   0   0   0   1   02B1SD 
671209W001  0075024   0   0   0   2   02C1TD 
671209W001  0075025   0   5   0   2  333C3YF 
671209W001  0075026   0  39  45  30  375A3EI 
671209W001  0075027   0  47   0   0   01B1MD 
671209W001  0075028   0   2   1   1   01C2JE 
671209W001  0075029   0   2   2   2   01D1ND 
671209W001  0075030   0   2   4   5   01A3WF 
671209W001  0075031   0 247   0   0   01B2ME 
671209W001  0075032   0 105 212 392 1301A1WD 
671209W001  0075033   0   1   0   0   01D3NF 
671209W001  0075034   0 105 212 392 1301A2WE 
671209W001  0075035   0   7   7  13  16CC3AQ 
671209W001  0075036   0  98 121 137 110CC1AO 
671209W001  0075037   0  20   0   0   0BA2MN 
671209W001  0075038   0  13  27  34   3BA1WN 
671209W001  0075039   0  28   0   0   0CB6OT 
671209W001  0075040   0   0 119  21   0CB1OO 
671209W001  0075041   0   1   0   0   0CA6UT 
671209W001  0075042   0   0   0   8   0CA3UQ 
671209W001  0075043   0 174 168 204  14CA1UO 
671209W001  0075044   0  34  31  49  40BA4AN 
671209W001  0075045   0   4  18   3   0BA3BN 
671209W001  0075046   0  47  21  27   7CA2UP 
671209W001  0075047   0   0   0   0   0CA4UR 
671209W001  0075048   0  10   0   7   0CA5US 
671209W001  0075049   0   0   7   0   0CB2OP 
671209W001  0075050   0   0   0   0   0CB4OR 
671209W001  0075051   0  36  35  63  35CC2AP 
671209W001  0075052   0   6   4  19  14CC4AR 
671209W001  0075053   0  91  49 112 105CC5AS 
671216W002  0075000   0   0   0   3   02B2SE 
671216W002  0075001   0   0   0   1   02C1TD 
671216W002  0075002   0   0   0   3   02C2TE 
671216W002  0075003   0   0   0   3   04A1WG 
671216W002  0075004   0   0   0   1   04A2WH 
671216W002  0075005   0   6   0   0   04B1MG 
671216W002  0075006   0   1   0   0   04B2MH 
671216W002  0075007   0   1 179  22  584D1AG 
671216W002  0075008   0   0   2   1   04D2AH 
671216W002  0075009   0  20  52  16  363A1AD 
671216W002  0075010   0  56  65  37 1613A2AE 
671216W002  0075011   0   0   4   0   53A3AF 
671216W002  0075012   0   2  25   5  153B11D 
671216W002  0075013   0  16  24  23  673B21E 
671216W002  0075014   0   1   0   0   03B31F 
671216W002  0075015   0   5  20  43  393C1YD 
671216W002  0075016   0   9  42  87  543C2YE 
671216W002  0075017   0 188 207  69 2025A2EDA
671216W002  0075018   0   2   2   0   01C2JE 
671216W002  0075019   0   1   0   1   01D1ND 
671216W002  0075020   0   1   4   4   02A1KD 
671216W002  0075021   0   1   3   8   02A2KE 
671216W002  0075022   0   0   0   3   02B1SD 
671216W002  0075023   0   0 112  49   83C3YF 
671216W002  0075024   0 309   0   0   01B2ME 
671216W002  0075025   0   0   2   0   01C3JF 
671216W002  0075026   0  13   0   5   01D2NE 
671216W002  0075027   0   1   0   0   01C1JD 
671216W002  0075028   0  33  26  60  555A3EI 
671216W002  0075031   0   5  60  60   51A1WD 
671216W002  0075032   0 439 353 361  215A1EDB
671216W002  0075033   0  73 246 472  551A2WE 
671216W002  0075034   0 107 101 109  806A1VG 
671216W002  0075035   0  10  23  38   36B1VH 
671216W002  0075036   0   6   4   3   01A3WF 
671216W002  0075037   0  32   0   0   01B1MD 
671216W002  0075038   0   2   0   0   01B3MF 
671216W002  0075039   0  28   0   0   0CB6OT 
671216W002  0075040   0  13   7  14  21CC3AQ 
671216W002  0075041   0   0 119  21   0CB1OO 
671216W002  0075042   0   2   0   0   0CA6UT 
671216W002  0075043   0  86 108 145 106CC1AO 
671216W002  0075044   0 169 149 194  14CA1UO 
671216W002  0075045   0  33  30  51  40BA4AN 
671216W002  0075046   0   4  18   3   0BA3BN 
671216W002  0075047   0  13  23  34   3BA1WN 
671216W002  0075048   0  20   0   0   0BA2MN 
671216W002  0075049   0   0   0  22   0CA3UQ 
671216W002  0075050   0  48  14  15   7CA2UP 
671216W002  0075051   0   0   0   0   0CA4UR 
671216W002  0075052   0  12   0   7   0CA5US 
671216W002  0075053   0   0   7   0   0CB2OP 
671216W002  0075054   0   0   0   0   0CB4OR 
671216W002  0075055   0   0   0   0   0CC2AP 
671216W002  0075056   0   0   0   0   0CC4AR 
671216W002  0075057   0  91  48 112   0CC5AS 
671223W003  0075000   0   0   1   1   01C3JF 
671223W003  0075001   0   0   1   1   01C1JD 
671223W003  0075002   0   0   6   6   01A3WF 
671223W003  0075003   0  46   0   0   01B1MD 
671223W003  0075004   0   6   8  68   51A1WD 
671223W003  0075005   0  37  16  10  235A3EI 
671223W003  0075006   0   8   6  44  156B1VH 
671223W003  0075007   0 126  88 101 1706A1VG 
671223W003  0075008   0 408 224 334  115A1EDB
671223W003  0075009   0   0   0   4  133C3YF 
671223W003  0075010   0  19  21  89  733C2YE 
671223W003  0075011   0  10  45  12  313C1YD 
671223W003  0075012   0   0   2   0   01C4J  
671223W003  0075013   0   0   0   1   01D3NF 
671223W003  0075014   0   2   9   7   02A1KD 
671223W003  0075015   0  19   4   7   02A2KE 
671223W003  0075016   0   0   0   2   02B1SD 
671223W003  0075017   0   0   0   4   02B2SE 
671223W003  0075018   0   0   0   1   04A2WH 
671223W003  0075019   0   4   0   0   04B1MG 
671223W003  0075020   0   2   7  11 1134D1AG 
671223W003  0075021   0   0   0   0   74D2AH 
671223W003  0075022   0 127  47  92 4315A2EDA
671223W003  0075023   0   1   0   0   13B31F 
671223W003  0075024   0  14  31  48  623B21E 
671223W003  0075025   0   8  18  19  233B11D 
671223W003  0075026   0   0   0   0   73A3AF 
671223W003  0075027   0  98  18  76  803A2AE 
671223W003  0075028   0  19   3  16  303A1AD 
671223W003  0075029   0   0   0   9   01C2JE 
671223W003  0075030   0  18   0  24   01D2NE 
671223W003  0075031   0 301   0   0   01B2ME 
671223W003  0075032   0  85  62 395  391A2WE 
671223W003  0075033   0   2   0   5   01D1ND 
671223W003  0075034   0  14   7  14  21CC3AQ 
671223W003  0075035   0   0   2   0   0CC6AT 
671223W003  0075036   0  13  23  37   3BA1WN 
671223W003  0075037   0  20   0   0   0BA2MN 
671223W003  0075038   0   4  18   3   0BA3BN 
671223W003  0075039   0  33  30  51  40BA4AN 
671223W003  0075040   0   0 119  21   0CB1OO 
671223W003  0075041   0  25   0   0   0CB6OT 
671223W003  0075042   0  81 106 141 115CC1AO 
671223W003  0075043   0 176 147 195  14CA1UO 
671223W003  0075044   0   0   0  38   0CA3UQ 
671223W003  0075045   0  49  14  21   7CA2UP 
671223W003  0075046   0   0   0   0   0CA4UR 
671223W003  0075047   0   9   0   1   0CA5US 
671223W003  0075048   0   3   7   0   0CB2OP 
671223W003  0075049   0   0   0   0   0CB4OR 
671223W003  0075050   0  35  35  63  35CC2AP 
671223W003  0075051   0  10  11  27   4CC4AR 
671223W003  0075052   0  91  49 112 105CC5AS 
671230W004  0075000   0   4   0   0   01C1JD 
671230W004  0075001   0   1   0   0   01D1ND 
671230W004  0075002   0   2   5  27   02A1KD 
671230W004  0075003   0   1   7  24   02A2KE 
671230W004  0075004   0   1   4   8   53C3YF 
671230W004  0075005   0  27  35  37  603C2YE 
671230W004  0075006   0  10  27   5  313C1YD 
671230W004  0075007   0   0  33   1   03B31F 
671230W004  0075008   0   1   0   0   01B3MF 
671230W004  0075009   0   0   0   3   02B2SE 
671230W004  0075010   0   0   0   3   02C1TD 
671230W004  0075011   0   0   0  12   02C2TE 
671230W004  0075012   0   3   0   0   04A1WG 
671230W004  0075013   0  27  69  31  334D1AG 
671230W004  0075014   0   3   9   2   54D2AH 
671230W004  0075015   0 440 109  77 1895A2EDA
671230W004  0075016   0  12  25  26  783B21E 
671230W004  0075017   0  13  17  16  103B11D 
671230W004  0075018   0   1   0   1   93A3AF 
671230W004  0075019   0  99  19  57  813A2AE 
671230W004  0075020   0  25   7  39  273A1AD 
671230W004  0075021   0   4   1   1   01A3WF 
671230W004  0075022   0 265  76  78 1156A1VG 
671230W004  0075023   0  11  28  38   31A1WD 
671230W004  0075024   0   4   0   0   01C2JE 
671230W004  0075025   0  59   0   0   01B1MD 
671230W004  0075026   0 359 227 156  185A1EDB
671230W004  0075027   0  82  10  12   66B1VH 
671230W004  0075028   0  13   0   0   01C3JF 
671230W004  0075029   0  34  15  21  335A3EI 
671230W004  0075030   0 252   0   0   01B2ME 
671230W004  0075031   0  70 105 260  261A2WE 
671230W004  0075032   0   8   0   6   01D2NE 
671230W004  0075033   0  21   0   0   0BA2MN 
671230W004  0075034   0   4  18   3   0BA3BN 
671230W004  0075035   0  33  30  51  40BA4AN 
671230W004  0075036   0 172 126 193  14CA1UO 
671230W004  0075037   0  18   0  45   0CA3UQ 
671230W004  0075038   0   0  21   0   0CA6UT 
671230W004  0075039   0   0 103  21   0CB1OO 
671230W004  0075040   0   0   0   3   0CB3OQ 
671230W004  0075041   0  16  17   0   0CB6OT 
671230W004  0075042   0  75 108 141 114CC1AO 
671230W004  0075043   0  14   7  14  21CC3AQ 
671230W004  0075044   0   1   0   4   0CC6AT 
671230W004  0075045   0  16  23  37   3BA1WN 
671230W004  0075046   0  54  14  21   7CA2UP 
671230W004  0075047   0   0   0   0   0CA4UR 
671230W004  0075048   0  11   0   0   0CA5US 
671230W004  0075049   0  12   6   0   0CB2OP 
671230W004  0075050   0   0   0   0   0CB4OR 
671230W004  0075051   0  35  35  63  35CC2AP 
671230W004  0075052   0  15   1  21   7CC4AR 
671230W004  0075053   0  91  49 112 105CC5AS 
