700103WN01  0055000   0    0  0   0  10   2   0   0 123  6510A  1
700103WN01  0055001   0    0  0   0  14   2   1   0  73  1310C  3
700103WN01  0055002   0    0  0   0   6   4   0   0  35   310B  2
700103WN01  0055003   0    0  0   0  23  13   4   1 130   610D  4
700110WN01  0055000   0    0  0   0  28   3   1   1 100  5810A  1
700110WN01  0055001   0    0  0   0  18   6   2   0  66   010D  4
700110WN01  0055002   0    0  0   0  21   3   2   0 109   010C  3
700110WN01  0055003   0    0  0   0  28  12   1   0  38   010B  2
700117WN01  0055000   0    0  0   0  12   1   0   0  98  5810A  1
700117WN01  0055001   0    0  0   0  13   5   2   0  61  1810C  3
700117WN01  0055002   0    0  0   0  21   6   0   1  18  1610B  2
700117WN01  0055003   0    0  0   0  17   8   3   0  84   210D  4
700124WN01  0055000   0    0  0   0  31  10   2   0 139  2210D  4
700124WN01  0055001   0    0  0   0  30  10   0   0  85  2410C  3
700124WN01  0055002   0    0  0   0  11   7   0   0  82  2810B  2
700124WN01  0055003   0    0  0   0   4   4   0   0 103 14010A  1
700131WN01  0055000   0    0  0   0  17   9   2   0  83  3610D  4
700131WN01  0055001   0    0  0   0  22   9   1   0 148  5410C  3
700131WN01  0055002   0    0  0   0  21  13   0   0  63  4910B  2
700131WN01  0055003   0    0  0   0  11   6   0   1 180 26410A  1
700207WN01  0055000   0    0  0   0  20   5   1   1 184 15010A  1
700207WN01  0055001   0    0  0   0  10   5   3   0  80  2010D  4
700207WN01  0055002   0    0  0   0  13   8   0   2  39  4110C  3
700207WN01  0055003   0    0  0   0  32  17   0   0  49  4610B  2
700228WN01  0055000   0    0  0   0  14  22   0   0  38  4710B  2
700228WN01  0055001   0    0  0   0   7   6   1   0 135 17710A  1
700228WN01  0055002   0    0  0   0  13   5   1   0  91  2510D  4
700228WN01  0055003   0    0  0   0   9   4   3   0  83  2110C  3
700307WN01  0055000   0    0  0   0  10   4   2   0 208  8010A  1
700307WN01  0055001   0    0  0   0  13   9   0   0  97  2410D  4
700307WN01  0055002   0    0  0   0   8   2   0   1  33  1610C  3
700307WN01  0055003   0    0  0   0  17  15   0   0  49  2810B  2
700314WN01  0055000   0    0  0   0  10   3   0   0 123 10610A  1
700314WN01  0055001   0    0  0   0  13   8   0   0  63  1510D   
700314WN01  0055002   0    0  0   0  15   4   0   0  59   810C  3
700314WN01  0055003   0    0  0   0  15  26   0   1  29  2610B  2
700321WN01  0055000   0    0  0   0  15   5   1   0 157 10010A  1
700321WN01  0055001   0    0  0   0  16   7   0   1  77   910D  4
700321WN01  0055002   0    0  0   0   6   0   0   0  98  1410C  3
700321WN01  0055003   0    0  0   0  11  39   0   0  57  3010B  2
700328WN01  0055000   0    0  0   0   8   6   0   0  69  1010D   
700328WN01  0055001   0    0  0   0   8  12   1   0 127   410C   
700328WN01  0055002   0    0  0   0  11  21   0   0  57   710B   
700328WN01  0055003   0    0  0   0   4   2   0   0 169  2110A   
700404WN01  0055000   0    0  0   0  18   7   3   0 187  3810A  1
700404WN01  0055001   0    0  0   0  35   0   0   0 117   010D  4
700404WN01  0055002   0    0  0   0   0   0   0   0  53   010C  3
700404WN01  0055003   0    0  0   0   0   0   0   0  47   010B  2
700411WN01  0055000   0    0  0   0   0   0   0   0 114   010A  1
700411WN01  0055001   0    0  0   0   0   0   0   0  65   010   3
700411WN01  0055002   0    0  0   0  35  13   1   1  93  1610C  3
700411WN01  0055003   0    0  0   0   0   0   0   0  56   010B  2
700411WN01  0055004   0    0  0   0  19   4   1   0  43  1510D  4
700418SC011N0055000   0    0 12   0   0   0   0   0   0   03C3A  
700418SC011N0055001   0  370  0   0   0   0   0   0   0   03B1F  
700418SC011N0055002   0    0 19   0   0   0   0   0   0   03C2A  
700418SC011N0055003   0 3796  0   0   0   0   0   0   0   03C1A  
700418SC011N0055004   0    0 76   0   0   0   0   0   0   03A2US 
700418SC011N0055005   0 3102  0   0   0   0   0   0   0   03A1US 
700418SC011N0055006   0    0  0  84   0   0   0   0   0   03A3US 
700418SC012N0055000   0    0  0   1   0   0   0   0   0   03A3US 
700418SC012N0055001   0    0  9   0   0   0   0   0   0   03A2US 
700418SC012N0055002   0  905  0   0   0   0   0   0   0   03B1F  
700418SC012N0055003   0    0 10   0   0   0   0   0   0   03B2F  
700418SC012N0055004   0    0  0   8   0   0   0   0   0   03B3F  
700418SC012N0055005   0  261  0   0   0   0   0   0   0   03A1US 
700418SC012N0055006   020875  0   0   0   0   0   0   0   03C1A  
700418SC012N0055007   0    0  6   0   0   0   0   0   0   03C2A  
700418SC012N0055008   0    0 16   0   0   0   0   0   0   03C3A  
700418SC013N0055000   0    0 35   0   0   0   0   0   0   03C3A  
700418SC013N0055001   0    0 34   0   0   0   0   0   0   03C2A  
700418SC013N0055002   012312  0   0   0   0   0   0   0   03C1A  
700418SC014N0055000   019067  0   0   0   0   0   0   0   03C1A  
700418SC014N0055001   0    0  6   0   0   0   0   0   0   03C3A  
700418WN01  0055000   0    0  0   0  21   2   0   0 202  2810A  1
700418WN01  0055001   0    0  0   0  50  18   0   0 119  9210B  2
700418WN01  0055002   0    0  0   0  25  14   1   1 171   710D  4
700418WN01  0055003   0    0  0   0   0   0   0   0  58   010C  3
700425WN01  0055000   0    0  0   0  24   1   0   0 229  2810A  1
700425WN01  0055001   0    0  0   0  13  12   1   1 109  1010C  3
700425WN01  0055002   0    0  0   0   0   0   0   0  97   010B  2
700425WN01  0055003   0    0  0   0   0   0   0   0 161   010D  4
700516WN01  0055000   0    0  0   0   0   0   0   0 164   010D  4
700516WN01  0055001   0    0  0   0   0   0   0   0  41   010C  3
700516WN01  0055002   0    0  0   0   0   0   0   0  60   010B  2
700516WN01  0055003   0    0  0   0  39   4   0   0 197  3210A  1
700523WN01  0055000   0    0  0   0   0   0   0   0 149   010D  4
700523WN01  0055001   0    0  0   0   0   0   0   0  47   010C  3
700523WN01  0055002   0    0  0   0   0   0   0   0 133   010B  2
700523WN01  0055003   0    0  0   0   0   0   0   0 190   010A  1
700530WN01  0055000   0    0  0   0   0   0   0   0  56   010B  2
700530WN01  0055001   0    0  0   0   0   0   0   0 152   010A  1
700530WN01  0055002   0    0  0   0   0   0   0   0 124   010D  4
700530WN01  0055003   0    0  0   0   0   0   0   0  35   010C  3
700606WN01  0055000   0    0  0   0   0   0   0   0  44   010B  2
700606WN01  0055001   0    0  0   0   0   0   0   0  91   010A  1
700606WN01  0055002   0    0  0   0   0   0   0   0 110   010D  4
700606WN01  0055003   0    0  0   0   0   0   0   0  16   010C  3
700613WN01  0055000   0    0  0   0  33   4   1   0 157 10810A  1
700613WN01  0055001   0    0  0   0  29  28   2   0 212  1410D  4
700613WN01  0055002   0    0  0   0  16   5   0   0  75  1910C  3
700613WN01  0055003   0    0  0   0  31  19   0   0  65  4010B  2
700620SC01  0055000   017554  2   4   0   0   0   0   0   0034A  
700620SC01  0055001   012327 25  22   0   0   0   0   0   0033A  
700620SC01  0055002   021264 10   9   0   0   0   0   0   0032A  
700620SC01  0055003   0 4620  5   8   0   0   0   0   0   0031A  
700620SC01  0055004   0  795  3   1   0   0   0   0   0   0022O  
700620SC01  0055005   0  441 19   3   0   0   0   0   0   0021O  
700620SC01  0055006   0  247  5   1   0   0   0   0   0   0012U  
700620SC01  0055007   0 3011 57  22   0   0   0   0   0   0011U  
700620WN01  0055000   0    0  0   0  25   1   2   0 146  6910A  1
700620WN01  0055001   0    0  0   0  20  14   2   2 125   810D  4
700620WN01  0055002   0    0  0   0   5  12   0   0  43   910C  3
700620WN01  0055003   0    0  0   0  18  10   0   0  28  3210B  2
700627SC01  0055000   017130  1   0   0   0   0   0   0   0034A  
700627SC01  0055001   013405 32  20   0   0   0   0   0   0033A  
700627SC01  0055002   022384  6  14   0   0   0   0   0   0032A  
700627SC01  0055003   0 5130  4   8   0   0   0   0   0   0031A  
700627SC01  0055004   0  983  8   2   0   0   0   0   0   0022O  
700627SC01  0055005   0  595  3   0   0   0   0   0   0   0021O  
700627SC01  0055006   0  240  3   0   0   0   0   0   0   0012U  
700627SC01  0055007   0 3116 53  20   0   0   0   0   0   0011U  
700627WN01  0055000   0    0  0   0  12  11   2   1 106  1010D  4
700627WN01  0055001   0    0  0   0  11   1   0   0 124  6310A  1
700627WN01  0055002   0    0  0   0   3  11   1   0  72  1310C  3
700627WN01  0055003   0    0  0   0  13  20   0   0  29   910B  2
700711SC01  0055000   0 1217 25   4   0   0   0   0   0   0022O  
700711SC01  0055001   0  639  8   2   0   0   0   0   0   0021O  
700711SC01  0055002   0  246  8   0   0   0   0   0   0   0012U  
700711SC01  0055003   0 3340 42   0   0   0   0   0   0   0011U  
700711SC01  0055004   017480  1   0   0   0   0   0   0   0034   
700711SC01  0055005   014770 17  24   0   0   0   0   0   0033A  
700711SC01  0055006   022859 10  14   0   0   0   0   0   0032A  
700711SC01  0055007   0 4790 13  13   0   0   0   0   0   0031A  
700711WN01  0055000   0    0  0   0  29  10   0   0  90  1110D  4
700711WN01  0055001   0    0  0   0  10  12   0   0  55  1210C  3
700711WN01  0055002   0    0  0   0  15  10   0   0  43  2310B  2
700711WN01  0055003   0    0  0   0  13   3   1   0  88  7610A  1
700716WN01  0055000   0    0  0   0  37   8   2   1 163   410D  4
700716WN01  0055001   0    0  0   0  10   6   0   0  63  1210C  3
700716WN01  0055002   0    0  0   0   9   6   0   2  37  2210B  2
700716WN01  0055003   0    0  0   0  27   2   0   0 137  9510A  1
700718SC01  0055000   016965  0   0   0   0   0   0   0   0034   
700718SC01  0055001   0  735  4   0   0   0   0   0   0   0012   
700718SC01  0055002   0 2986 45  21   0   0   0   0   0   0011U  
700718WN01  0055000   0    0  0   0  12  13   3   0  96   510A  4
700726SC01  0055000   0 2710 29  11   0   0   0   0   0   0011U  
700726SC01  0055001   0  788  8   1   0   0   0   0   0   0021O  
700726SC01  0055002   0  216  3   0   0   0   0   0   0   0012U  
700726SC01  0055003   017640  1   1   0   0   0   0   0   0034A  
700726SC01  0055004   013910 15  29   0   0   0   0   0   0033A  
700726SC01  0055005   024567  9   6   0   0   0   0   0   0032A  
700726SC01  0055006   0 4830  7  10   0   0   0   0   0   0031A  
700726SC01  0055007   0 1050 13   2   0   0   0   0   0   0022O  
700726WN01  0055000   0    0  0   0  16   2   1   0 170  3810A  1
700726WN01  0055001   0    0  0   0   8   9   1   0  87  1510C  3
700726WN01  0055002   0    0  0   0  10  14   0   0  43  1610B  2
700726WN01  0055003   0    0  0   0  16  19   0   2  98  1410D  4
700802SC01  0055000   016710  0   0   0   0   0   0   0   0034   
700802SC01  0055001   012870 26  11   0   0   0   0   0   0033   
700802SC01  0055002   021737  6   5   0   0   0   0   0   0032   
700802SC01  0055003   0 4540 19   9   0   0   0   0   0   0031A  
700802SC01  0055004   0 1112 12   2   0   0   0   0   0   00220  
700802SC01  0055005   0  678 29   7   0   0   0   0   0   00210  
700802SC01  0055006   0  264  4   0   0   0   0   0   0   0012U  
700802SC01  0055007   0 2844 47  17   0   0   0   0   0   0011U  
700802WN01  0055000   0    0  0   0  16  10   0   0  45  3610B  2
700802WN01  0055001   0    0  0   0  10   2   0   0 108 19410A  1
700802WN01  0055002   0    0  0   0  24  16   0   0 124  1310D  4
700802WN01  0055003   0    0  0   0  10   7   0   0  88  2110C  3
700809SC01  0055000   0  280  4   0   0   0   0   0   0   0012U  
700809SC01  0055001   0 2548 41  18   0   0   0   0   0   0011U  
700809SC01  0055002   016900  0   0   0   0   0   0   0   0034A  
700809SC01  0055003   013078 11  24   0   0   0   0   0   0033A  
700809SC01  0055004   022145  8   5   0   0   0   0   0   0032A  
700809SC01  0055005   0 5880  9   7   0   0   0   0   0   0031A  
700809SC01  0055006   0 1407 16   0   0   0   0   0   0   0022O  
700809SC01  0055007   0  608 17   3   0   0   0   0   0   0021O  
700809WN01  0055000   0    0  0   0  36  15   2   0 131   110D  4
700809WN01  0055001   0    0  0   0  13   6   0   0  55   510C  3
700809WN01  0055002   0    0  0   0  12   8   2   0  28   710B  2
700809WN01  0055003   0    0  0   0  25   5   0   2 130  8310A  1
700816SC01  0055000   016490  1   1   0   0   0   0   0   0034A  
700816SC01  0055001   0 4700 34  17   0   0   0   0   0   0031A  
700816SC01  0055002   014307 21  20   0   0   0   0   0   0033A  
700816SC01  0055003   021050  6   8   0   0   0   0   0   0032A  
700816SC01  0055004   0 1588  6   0   0   0   0   0   0   0022O  
700816SC01  0055005   0  583 20   3   0   0   0   0   0   0021O  
700816SC01  0055006   0  581 30   2   0   0   0   0   0   0012U  
700816SC01  0055007   0 2314 31  14   0   0   0   0   0   0011U  
700823SC01  0055000   016480  1   0   0   0   0   0   0   0034A  
700823SC01  0055001   013470 15  24   0   0   0   0   0   0033A  
700823SC01  0055002   022007  5   7   0   0   0   0   0   0032A  
700823SC01  0055003   0 4620 12   6   0   0   0   0   0   0031A  
700823SC01  0055004   0 1522  9   1   0   0   0   0   0   0022O  
700823SC01  0055005   0 2370 22  15   0   0   0   0   0   0011U  
700823SC01  0055006   0  539 15   0   0   0   0   0   0   0021O  
700823SC01  0055007   0  539 15   0   0   0   0   0   0   0012U  
700823WN01  0055000   0    0  0   0  22   0   2   0 125  2510A  1
700823WN01  0055001   0    0  0   0  12   5   2   0  41  1810B  2
700823WN01  0055002   0    0  0   0  22  12   3   1 154   110D  4
700823WN01  0055003   0    0  0   0   7   7   0   0  63  1510C  3
700830SC01  0055000   016950  0   0   0   0   0   0   0   0034   
700830SC01  0055001   0 4350 12  14   0   0   0   0   0   0031A  
700830SC01  0055002   013887 19  32   0   0   0   0   0   0033A  
700830SC01  0055003   020102  5  10   0   0   0   0   0   0032A  
700830SC01  0055004   0 1645  7   0   0   0   0   0   0   0022O  
700830SC01  0055005   0  552 12  13   0   0   0   0   0   0021O  
700830SC01  0055006   0  670 14   6   0   0   0   0   0   0012U  
700830SC01  0055007   0 2350 21  10   0   0   0   0   0   0011U  
700830WN01  0055000   0    0  0   0  15   8   0   2 114  4510D  4
700830WN01  0055001   0    0  0   0   9  11   0   0  85  3310C  3
700830WN01  0055002   0    0  0   0  11   2   0   0  43  3910B  2
700830WN01  0055003   0    0  0   0  13   5   0   0 152 19710A  1
700906SC01  0055000   016450  0   0   0   0   0   0   0   0034A  
700906SC01  0055001   0 2381 44  10   0   0   0   0   0   0011U  
700906SC01  0055002   0  539  5   3   0   0   0   0   0   0021O  
700906SC01  0055003   0  592 16   5   0   0   0   0   0   0012U  
700906SC01  0055004   014650 10  28   0   0   0   0   0   0033A  
700906SC01  0055005   022896  7  11   0   0   0   0   0   0032A  
700906SC01  0055006   0 4640  9   9   0   0   0   0   0   0031A  
700906SC01  0055007   0 1713  5   2   0   0   0   0   0   0022O  
700906WN01  0055000   0    0  0   0  43  17   1   1 222  1910D  4
700906WN01  0055001   0    0  0   0   9  12   0   2  94  2510C  3
700906WN01  0055002   0    0  0   0  27   4   2   0  57  1810B  2
700906WN01  0055003   0    0  0   0  22   2   0   0 162 11610A  1
700913SC01  0055000   0  431 18   2   0   0   0   0   0   0012U  
700913SC01  0055001   0  452  8   0   0   0   0   0   0   0021O  
700913SC01  0055002   0 1283  2   0   0   0   0   0   0   0022O  
700913SC01  0055003   0 4648 28   4   0   0   0   0   0   0031A  
700913SC01  0055004   022241  5   7   0   0   0   0   0   0032A  
700913SC01  0055005   013440 19  28   0   0   0   0   0   0033A  
700913SC01  0055006   016455  0   0   0   0   0   0   0   0034A  
700913SC01  0055007   0 2342 23  13   0   0   0   0   0   0011U  
700913WN01  0055000   0    0  0   0  15  22   1   0 203  2910D  4
700913WN01  0055001   0    0  0   0  19  13   0   0  69  2910C  3
700913WN01  0055002   0    0  0   0  25   6   1   0  47  4010B  2
700913WN01  0055003   0    0  0   0  32   0   1   0 127 13210A  1
700920SC01  0055000   017707  0   0   0   0   0   0   0   0034A  
700920SC01  0055001   014490 26  38   0   0   0   0   0   0033A  
700920SC01  0055002   021694 12  14   0   0   0   0   0   0032A  
700920SC01  0055003   0 5650  9   4   0   0   0   0   0   0031A  
700920SC01  0055004   0 1288  4   0   0   0   0   0   0   0022O  
700920SC01  0055005   0  437  4  26   0   0   0   0   0   0021O  
700920SC01  0055006   0  457 14   3   0   0   0   0   0   0012U  
700920SC01  0055007   0 2371 38  14   0   0   0   0   0   0011U  
700920WN01  0055000   0    0  0   0  19   9   3   0 145  1810D  4
700920WN01  0055001   0    0  0   0   4   7   0   0  81   810C  3
700920WN01  0055002   0    0  0   0  22   8   1   0  43  1910B  2
700920WN01  0055003   0    0  0   0  11   3   0   0 119  6510A  1
700927SC01  0055000   015948  0   1   0   0   0   0   0   0034   
700927SC01  0055001   012070 25  24   0   0   0   0   0   0033   
700927SC01  0055002   021124 10  20   0   0   0   0   0   0032   
700927SC01  0055003   0 4896 16   9   0   0   0   0   0   0031   
700927SC01  0055004   0 1121  2   0   0   0   0   0   0   0022   
700927SC01  0055005   0  445  9   5   0   0   0   0   0   0021   
700927SC01  0055006   0  474  7   4   0   0   0   0   0   0012   
700927SC01  0055007   0 2325 24   8   0   0   0   0   0   0011   
700927WN01  0055000   0    0  0   0  17   7   0   0  53  1810B  2
700927WN01  0055001   0    0  0   0   4   4   1   0 109  8210A  1
700927WN01  0055002   0    0  0   0  15   9   2   2 133  3810D  4
700927WN01  0055003   0    0  0   0   4   5   1   0  61   910C  3
701004SC01  0055000   0 2320 21   3   0   0   0   0   0   0011U  
701004SC01  0055001   0  448  8   4   0   0   0   0   0   0021O  
701004SC01  0055002   0  476  4   2   0   0   0   0   0   0012U  
701004SC01  0055003   011470 19  18   0   0   0   0   0   0033A  
701004SC01  0055004   020594 10  15   0   0   0   0   0   0032A  
701004SC01  0055005   0 4098  5   6   0   0   0   0   0   0031A  
701004SC01  0055006   0 1164  3   6   0   0   0   0   0   0022O  
701004SC01  0055007   013962  0   0   0   0   0   0   0   0034A  
701004WN01  0055000   0    0  0   0   3   4   1   0  49  1710C  3
701004WN01  0055001   0    0  0   0  34   9   2   1 154  2110D  4
701004WN01  0055002   0    0  0   0  17   6   0   0  24  3610B  2
701004WN01  0055003   0    0  0   0   9   5   1   0  73  5710A  1
701010SC01  0055000   0 1920 13   4   0   0   0   0   0   0011U  
701010SC01  0055001   0  494  1   1   0   0   0   0   0   0021O  
701010SC01  0055002   0  326  3   2   0   0   0   0   0   0012U  
701010SC01  0055003   013005 20  31   0   0   0   0   0   0033A  
701010SC01  0055004   020545 11  16   0   0   0   0   0   0032A  
701010SC01  0055005   0 5116 14  14   0   0   0   0   0   0031A  
701010SC01  0055006   0 1440  3  11   0   0   0   0   0   0022O  
701010SC01  0055007   018080  1   0   0   0   0   0   0   0034A  
701010WN01  0055000   0    0  0   0   6  15   0   0  45  7510C  3
701010WN01  0055001   0    0  0   0  27   5   3   0  42  8310B  2
701010WN01  0055002   0    0  0   0  14   2   2   0  68 21110A  1
701010WN01  0055003   0    0  0   0  21  14   5   0 153  5110D  4
701017SC01  0055000   0  202 10   0   0   0   0   0   0   0012U  
701017SC01  0055001   0 1674 10   3   0   0   0   0   0   0011U  
701017SC01  0055002   0    0  5   8   0   0   0   0   0   0034A  
701017SC01  0055003   0    0 17  22   0   0   0   0   0   0033A  
701017SC01  0055004   0    0  8  14   0   0   0   0   0   0032A  
701017SC01  0055005   0    0  9  10   0   0   0   0   0   0031A  
701017SC01  0055006   0 1157  3   1   0   0   0   0   0   0022O  
701017SC01  0055007   0  412  4   1   0   0   0   0   0   0021O  
701017WN01  0055000   0    0  0   0  21  15   4   0 129  3910D  4
701017WN01  0055001   0    0  0   0   9  11   1   0  57  4210C  3
701017WN01  0055002   0    0  0   0   8   3   0   0  28  7910B  2
701017WN01  0055003   0    0  0   0  10   1   1   0  59 11310A  1
701024SC01  0055000   0    0 11  11   0   0   0   0   0   0034A  
701024SC01  0055001   0 1073 21  29   0   0   0   0   0   0033A  
701024SC01  0055002   021230  7  11   0   0   0   0   0   0032A  
701024SC01  0055003   011033  5  11   0   0   0   0   0   0031A  
701024SC01  0055004   0 1104  5   2   0   0   0   0   0   0022O  
701024SC01  0055005   0  410  9   0   0   0   0   0   0   0021O  
701024SC01  0055006   0  231 18   0   0   0   0   0   0   0012U  
701024SC01  0055007   0 1754 13  10   0   0   0   0   0   0011U  
701024WN01  0055000   0    0  0   0  12  15   2   0 133  2310D  4
701024WN01  0055001   0    0  0   0   3   8   0   0  31  2910C  3
701024WN01  0055002   0    0  0   0  11   7   0   0  27  3110B  2
701024WN01  0055003   0    0  0   0   6   2   0   0  38  3410A  1
701031SC01  0055000   0 1323  3   4   0   0   0   0   0   0022O  
701031SC01  0055001   0  352  0   0   0   0   0   0   0   0021O  
701031SC01  0055002   0  207  7   0   0   0   0   0   0   0012U  
701031SC01  0055003   0 1630  9   0   0   0   0   0   0   0011U  
701031SC01  0055004   016883  0   0   0   0   0   0   0   0034   
701031SC01  0055005   0 1646 19  23   0   0   0   0   0   0033A  
701031SC01  0055006   022556 12   8   0   0   0   0   0   0032A  
701031SC01  0055007   0 8735  7   6   0   0   0   0   0   0031A  
701031WN01  0055000   0    0  0   0  21  14   6   0 173  17     4
701031WN01  0055001   0    0  0   0   3   0   0   0  63  4110A  1
701107SC01  0055000   0 1504 16   3   0   0   0   0   0   0011U  
701107SC01  0055001   0  233  2   0   0   0   0   0   0   0021O  
701107SC01  0055002   0  246  8   0   0   0   0   0   0   0012U  
701107SC01  0055003   013662  0   0   0   0   0   0   0   0034   
701107SC01  0055004   0    0 22  27   0   0   0   0   0   0033   
701107SC01  0055005   019864  8  12   0   0   0   0   0   0032   
701107SC01  0055006   0 6193 35  15   0   0   0   0   0   0031   
701107SC01  0055007   0 1235  4   4   0   0   0   0   0   0022O  
701107WN01  0055000   0    0  0   0  21  11   7   0 172  50     4
701107WN01  0055001   0    0  0   0   2   0   0   0  36  7310A  1
701114SC01  0055000   0  174  1   0   0   0   0   0   0   0022O  
701114SC01  0055001   0  217  4   0   0   0   0   0   0   0021O  
701114SC01  0055002   0  174  1   0   0   0   0   0   0   0012U  
701114SC01  0055003   0 1586 14   5   0   0   0   0   0   0011U  
701114SC01  0055004   018018  8   0   0   0   0   0   0   0034   
701114SC01  0055005   0    0 21   0   0   0   0   0   0   0033A  
701114SC01  0055006   021741 11   0   0   0   0   0   0   0032A  
701114SC01  0055007   010771 26   0   0   0   0   0   0   0031A  
701114WN01  0055000   0    0  0   0   4   8   0   0  19  2410B  2
701114WN01  0055001   0    0  0   0   5   0   1   0  43  3210A  1
701114WN01  0055002   0    0  0   0  20  20   3   1 144  3210D  4
701114WN01  0055003   0    0  0   0   2   7   1   0  28  2010C  3
701121SC01  0055000   017975  1   4   0   0   0   0   0   0034A  
701121SC01  0055001   0    0 22  15   0   0   0   0   0   0033A  
701121SC01  0055002   022140  8   9   0   0   0   0   0   0032A  
701121SC01  0055003   011843 29  21   0   0   0   0   0   0031A  
701121SC01  0055004   0  102  2   0   0   0   0   0   0   0012U  
701121SC01  0055005   0 1947 12   1   0   0   0   0   0   0011U  
701121SC01  0055006   0 1511  7   0   0   0   0   0   0   0022O  
701121SC01  0055007   0  269  0   1   0   0   0   0   0   0021O  
701121WN01  0055000   0    0  0   0  11   2   0   0  12  3210B  2
701121WN01  0055001   0    0  0   0   1   1   1   0  51  7910A  1
701121WN01  0055002   0    0  0   0  15  17   3   0  91  2910D  4
701121WN01  0055003   0    0  0   0   2   7   1   0  57  2210C  3
701128SC01  0055000   0   78  1   0   0   0   0   0   0   0012U  
701128SC01  0055001   0 1992 20   2   0   0   0   0   0   0011U  
701128SC01  0055002   016802  0   0   0   0   0   0   0   0034A  
701128SC01  0055003   0    0 30  17   0   0   0   0   0   0033A  
701128SC01  0055004   020848 12  11   0   0   0   0   0   0032A  
701128SC01  0055005   012433 24  16   0   0   0   0   0   0031A  
701128SC01  0055006   0 1374  6   4   0   0   0   0   0   0022O  
701128SC01  0055007   0  339 11   2   0   0   0   0   0   0021O  
701128WN01  0055000   0    0  0   0   7   0   0   0  98  6010D  4
701128WN01  0055001   0    0  0   0   4  11   0   0  61  3410C  3
701128WN01  0055002   0    0  0   0   9   5   0   0  23  1410B  2
701128WN01  0055003   0    0  0   0   3   2   0   0  32  5010A  1
701205SC01  0055000   0 1602  9   0   0   0   0   0   0   0011U  
701205SC01  0055001   0  360  0   0   0   0   0   0   0   0021O  
701205SC01  0055002   0   33  0   4   0   0   0   0   0   0012U  
701205SC01  0055003   017665  0   6   0   0   0   0   0   0034A  
701205SC01  0055004   0    0 14  21   0   0   0   0   0   0033A  
701205SC01  0055005   020204  9   9   0   0   0   0   0   0032A  
701205SC01  0055006   011938 18  14   0   0   0   0   0   0031A  
701205SC01  0055007   0 1554 11   2   0   0   0   0   0   0022O  
701205WN01  0055000   0    0  0   0  34  19   0   3 102  6410D  4
701205WN01  0055001   0    0  0   0   2   9   3   0  38   710C  3
701205WN01  0055002   0    0  0   0  22   6   0   0  36  1310B  2
701205WN01  0055003   0    0  0   0   5   2   0   0  60  8110A  1
701212SC01  0055000   011142  0   2   0   0   0   0   0   0034A  
701212SC01  0055001   0  364 23  10   0   0   0   0   0   0033A  
701212SC01  0055002   021463 15   6   0   0   0   0   0   0032A  
701212SC01  0055003   012723  8   6   0   0   0   0   0   0031A  
701212SC01  0055004   0 1641 16   3   0   0   0   0   0   0022O  
701212SC01  0055005   0  683  2   0   0   0   0   0   0   0021O  
701212SC01  0055006   0  232  3   0   0   0   0   0   0   0012U  
701212SC01  0055007   0 1121  9   3   0   0   0   0   0   0011U  
701212WN01  0055000   0    0  0   0  24  16   1   0  78  5310D  4
701212WN01  0055001   0    0  0   0  11   2   0   0  53  6810A  1
701212WN01  0055002   0    0  0   0   5   8   2   0  45  2310C  3
701212WN01  0055003   0    0  0   0  16   4   0   0  40  2910B  2
701219SC01  0055000   0   35  0   1   0   0   0   0   0   0012U  
701219SC01  0055001   0 1593 11   2   0   0   0   0   0   0022O  
701219SC01  0055002   0 1186  2   0   0   0   0   0   0   0021O  
701219SC01  0055003   023461 10   9   0   0   0   0   0   0034A  
701219SC01  0055004   0    0 19  19   0   0   0   0   0   0033A  
701219SC01  0055005   019982  8   7   0   0   0   0   0   0032A  
701219SC01  0055006   010433 18  15   0   0   0   0   0   0031A  
701219SC01  0055007   0 1293  4  10   0   0   0   0   0   0011U  
701219WN01  0055000   0    0  0   0   3   4   0   0  32  2610A  1
701219WN01  0055001   0    0  0   0  27  20   0   0 145  1910D  4
701219WN01  0055002   0    0  0   0   4   6   0   0  36  2310C  3
701219WN01  0055003   0    0  0   0  10   4   1   0  23  2310B  2
701226SC01  0055000   0    0 22  15   0   0   0   0   0   0033A  
701226SC01  0055001   019080  2   2   0   0   0   0   0   0034A  
701226SC01  0055002   020085  5   6   0   0   0   0   0   0032A  
701226SC01  0055003   011042 19  14   0   0   0   0   0   0031A  
701226SC01  0055004   0 1613  3   4   0   0   0   0   0   0022O  
701226SC01  0055005   0 1550  0   0   0   0   0   0   0   0021O  
701226SC01  0055006   0   27  1   0   0   0   0   0   0   0012U  
701226SC01  0055007   0 1570  1   2   0   0   0   0   0   0011U  
701226WN01  0055000   0    0  0   0   6  27   0   0  49  1010C  3
701226WN01  0055001   0    0  0   0  10   6   0   4  27   610B  2
701226WN01  0055002   0    0  0   0   8   8   0   1  63  3210A  1
