680106W005  0065000   0 358 640     0     0     07A1
680106W005  0065001   0   0   03402621480961461178A1
680106W005  0065002   0   0   0   588     0     08B1
680106W005  0065003   0   0   0   717     0     08C1
680113W001  0065000   0 182 413     0     0     07A1
680113W001  0065001   0   0   0   744     0     08B1
680113W001  0065002   0   0   0  1002     0     08C1
680113W001  0065003   0   0   03380531524221488588A1
680120W002  0065000   0 395 516     0     0     07A1
680120W002  0065001   0   0   03380531524221488588A1
680120W002  0065002   0   0   0   731     0     08B1
680120W002  0065003   0   0   0   823     0     08C1
680127W003  0065000   0 563 398     0     0     07A1
680127W003  0065001   0   0   02429511513761487898A1
680127W003  0065002   0   0   0   378     0     08B1
680127W003  0065003   0   0   0   832     0     08C1
680203W004  0065000   031351045     0     0     07A1
680203W004  0065001   0   0   03429511513761487898A1
680203W004  0065002   0   0   0     0     0     08B1
680203W004  0065003   0   0   0   315     0     08C1
680210W001  0065000   0   0   03429511513761487898A1
680210W001  0065001   0 672 798     0     0     07A1
680210W001  0065002   0   0   0   122     0     08B1
680210W001  0065003   0   0   0   242     0     08C1
680217W002  0065000   0 610 967     0     0     07A1
680217W002  0065001   0   0   03429511513761487898A1
680217W002  0065002   0   0   0   557     0     08B1
680217W002  0065003   0   0   0  1641     0     08C1
680224W003  0065000   0 545 723     0     0     07A1
680224W003  0065001   0   0   03429511513761487898A1
680224W003  0065002   0   0   0  1814     0     08B1
680224W003  0065003   0   0   0  2870     0     08C1
680302W004  0065000   01115 678     0     0     07A1
680302W004  0065001   0   0   03423701513761487898A1
680302W004  0065002   0   0   0  2842     0     08B1
680302W004  0065003   0   0   0  2601     0     08C1
680309W001  0065000   0 510 721     0     0     07A1
680309W001  0065001   0   0   03423701525491519468A1
680309W001  0065002   0   0   0  2936     0     08B1
680309W001  0065003   0   0   0  2623     0     08C1
680316W002  0065000   0 361 706     0     0     07A1
680316W002  0065001   0   0   03423701525491519468A1
680316W002  0065002   0   0   0  2614     0     08B1
680316W002  0065003   0   0   0  2497     0     08C1
680323W003  0065000   0 441 654     0     0     07A1
680323W003  0065001   0   0   03394511528431518158A1
680323W003  0065002   0   0   0  2771     0     08B1
680323W003  0065003   0   0   0  2617     0     08C1
680330W004  0065000   0 746 524     0     0     07A1
680330W004  0065001   0   0   03440171528431506888A1
680330W004  0065002   0   0   0  2198     0     08B1
680330W004  0065003   0   0   0  2536     0     08C1
680406W005  0065000   01192 431     0     0     07A1
680406W005  0065001   0   0   03440171525131506888A1
680406W005  0065002   0   0   0  2472     0     08B1
680406W005  0065003   0   0   0  1773     0     08C1
680413W001  0065000   01803 693     0     0     07A1
680413W001  0065001   0   0   03575351538681505938A1
680413W001  0065002   0   0   0  3861     0     08B1
680413W001  0065003   0   0   0  1690     0     08C1
680420W002  0065000   01194 391     0     0     07A1
680420W002  0065001   0   0   03575351538681505938A1
680420W002  0065002   0   0   0  2881     0     08B1
680420W002  0065003   0   0   0  1808     0     08C1
680427W003  0065000   02490 423     0     0     07A1
680427W003  0065001   0   0   03669311538681503948A1
680427W003  0065002   0   0   0  3099     0     08B1
680427W003  0065003   0   0   0  1298     0     08C1
680504W004  0065000   01990 565     0     0     07A1
680504W004  0065001   0   0   03169311575911530948A1
680504W004  0065002   0   0   0  2020     0     08B1
680504W004  0065003   0   0   0  1032     0     08C1
680511W001  0065000   0 701 614     0     0     07A1
680511W001  0065001   0   0   03795941619581544478A1
680511W001  0065002   0   0   0  1170     0     08B1
680511W001  0065003   0   0   0  2070     0     08C1
680518W002  0065000   01207 631     0     0     07A1
680518W002  0065001   0   0   03795941619581544478A1
680518W002  0065002   0   0   0  1769     0     08B1
680518W002  0065003   0   0   0  1411     0     08C1
680525W003  0065000   01713 517     0     0     07A1
680525W003  0065001   0   0   03908911619581553498A1
680525W003  0065002   0   0   0  1468     0     08B1
680525W003  0065003   0   0   0  1042     0     08C1
680601W004  0065000   01157 650     0     0     07A1
680601W004  0065001   0   0   03908911670561553498A1
680601W004  0065002   0   0   0  1468     0     08B1
680601W004  0065003   0   0   0  1042     0     08C1
680608W001  0065000   01720 459     0     0     07A1
680608W001  0065001   0   0   03932991670561579138A1
680608W001  0065002   0   0   0  1497     0     08B1
680608W001  0065003   0   0   0  1447     0     08C1
680615W002  0065000   01205 431     0     0     07A1
680615W002  0065001   0   0   03932991745501579138A1
680615W002  0065002   0   0   0  1079     0     08B1
680615W002  0065003   0   0   0  1752     0     08C1
680622W003  0065000   0 598 432     0     0     07A1
680622W003  0065001   0   0   03932991745551598598A1
680622W003  0065002   0   0   0  1089     0     08B1
680622W003  0065003   0   0   0  1384     0     08C1
680629W004  0065000   0 610 375     0     0     07A1
680629W004  0065001   0   0   03994951840501598598A1
680629W004  0065002   0   0   0  3999     0     08B1
680629W004  0065003   0   0   0   950     0     08C1
680706W005  0065000   03560 491     0     0     07A1
680706W005  0065001   0   0   04048211907061616148A1
680706W005  0065002   0   0   0  1123     0     08B1
680706W005  0065003   0   0   0  1813     0     08C1
680713W001  0065000   01653 400     0     0     07A1
680713W001  0065001   0   0   04048211907061616148A1
680713W001  0065002   0   0   0  1773     0     08B1
680713W001  0065003   0   0   0  1889     0     08C1
680720W002  0065000   0 889 438     0     0     07A1
680720W002  0065001   0   0   04048211907061616148A1
680720W002  0065002   0   0   0  1056     0     08B1
680720W002  0065003   0   0   0  1360     0     08C1
680727W003  0065000   0 622 398     0     0     07A1
680727W003  0065001   0   0   04031431979171642008A1
680727W003  0065002   0   0   0  3908     0     08B1
680727W003  0065003   0   0   0  1084     0     08C1
680803W004  0065000   03388 387     0     0     07A1
680803W004  0065001   0   0   04031431979171642848A1
680803W004  0065002   0   0   0  1025     0     08B1
680803W004  0065003   0   0   0   690     0     08C1
680810W001  0065000   01186 558     0     0     07A1
680810W001  0065001   0   0   04129002030551675908A1
680810W001  0065002   0   0   0  1632     0     08B1
680810W001  0065003   0   0   0  1948     0     08C1
680817W002  0065000   01688 532     0     0     07A1
680817W002  0065001   0   0   04129002030551675908A1
680817W002  0065002   0   0   0   976     0     08B1
680817W002  0065003   0   0   0   896     0     08C1
680824W003  0065000   01438 521     0     0     07A1
680824W003  0065001   0   0   04145702030551674118A1
680824W003  0065002   0   0   0  1069     0     08B1
680824W003  0065003   0   0   0  1136     0     08C1
680831W004  0065000   02474 820     0     0     07A1
680831W004  0065001   0   0   04145702085881674118A1
680831W004  0065002   0   0   0  3477     0     08B1
680831W004  0065003   0   0   0  1136     0     08C1
680907W001  0065000   0 669 419     0     0     07A1
680907W001  0065001   0   0   04213682085881690838A1
680907W001  0065002   0   0   0   516     0     08B1
680907W001  0065003   0   0   0  1357     0     08C1
680914W002  0065000   01109 499     0     0     07A1
680914W002  0065001   0   0   04213682139151690838A1
680914W002  0065002   0   0   0   841     0     08B1
680914W002  0065003   0   0   0  1222     0     08C1
680921W003  0065000   01758 502     0     0     07A1
680921W003  0065001   0   0   04213682139151719688A1
680921W003  0065002   0   0   0   805     0     08B1
680921W003  0065003   0   0   0  1254     0     08C1
680928W004  0065000   01306 656     0     0     07A1
680928W004  0065001   0   0   04251392144121719688A1
680928W004  0065002   0   0   0  2609     0     08B1
680928W004  0065003   0   0   0  1461     0     08C1
681005W005  0065000   01098 381     0     0     07A1
681005W005  0065001   0   0   04251392144121719688A1
681005W005  0065002   0   0   0   608     0     08B1
681005W005  0065003   0   0   0  1598     0     08C1
681012W001  0065000   01360 671     0     0     07A1
681012W001  0065001   0   0   04294272147701726968A1
681012W001  0065002   0   0   0   608     0     08B1
681012W001  0065003   0   0   0  1598     0     08C1
681019W002  0065000   01250 808     0     0     07A1
681019W002  0065001   0   0   04275312147701726868A1
681019W002  0065002   0   0   0    67     0     08B1
681019W002  0065003   0   0   0  1580     0     08C1
681026W003  0065000   02189 842     0     0     07A1
681026W003  0065001   0   0   04275312166481717818A1
681026W003  0065002   0   0   0     0     0     08B1
681026W003  0065003   0   0   0  1677     0     08C1
681102W004  0065000   02633 590     0     0     07A1
681102W004  0065001   0   0   04275312166481717818A1
681102W004  0065002   0   0   0     0     0     08B1
681102W004  0065003   0   0   0  1085     0     08C1
681109W001  0065000   01525 482     0     0     07A1
681109W001  0065001   0   0   04296352185901729378A1
681109W001  0065002   0   0   0     0     0     08B1
681109W001  0065003   0   0   0  1637     0     08C1
681116W002  0065000   01373 865     0     0     07A1
681116W002  0065001   0   0   04296352185901729378A1
681116W002  0065002   0   0   0     0     0     08B1
681116W002  0065003   0   0   0     0     0     08C1
681123W003  0065000   02340 671     0     0     07A1
681123W003  0065001   0   0   04303212185901736628A1
681123W003  0065002   0   0   0   818     0     08B1
681123W003  0065003   0   0   0  2020     0     08C1
681130W004  0065000   02865 642     0     0     07A1
681130W004  0065001   0   0   04303212179231736628A1
681130W004  0065002   0   0   0   687     0     08B1
681130W004  0065003   0   0   0  1807     0     08C1
681207W001  0065000   03673 621     0     0     07A1
681207W001  0065001   0   0   04308222179231736628A1
681207W001  0065002   0   0   0   736     0     08B1
681207W001  0065003   0   0   0  1286     0     08C1
681214W002  0065000   03673 554     0     0     07A1
681214W002  0065001   0   0   04308222179231736218A1
681214W002  0065002   0   0   0   944     0     08B1
681214W002  0065003   0   0   0  1464     0     08C1
681221W003  0065000   02132 678     0     0     07A1
681221W003  0065001   0   0   04308222179231736218A1
681221W003  0065002   0   0   0  1313     0     08B1
681221W003  0065003   0   0   0   878     0     08C1
681228W004  0065000   0 867 654     0     0     07A1
681228W004  0065001   0   0   04296632179231730438A1
681228W004  0065002   0   0   0     0     0     08B1
681228W004  0065003   0   0   0     0     0     08C1
