      WNCB  0055000   0    0  0   0   1   0   0   0   1  2510A   
710102SN01  0055000   0 1667  0   0   0   0   0   0   0   0021O  
710102SN01  0055001   0   28  0   0   0   0   0   0   0   0012U  
710102SN01  0055002   0 1694  0   0   0   0   0   0   0   0011U  
710102SN01  0055003   022320 10   8   0   0   0   0   0   0034A  
710102SN01  0055004   0    0 17  19   0   0   0   0   0   0033A  
710102SN01  0055005   022391  8   9   0   0   0   0   0   0032A  
710102SN01  0055006   0    0 12  11   0   0   0   0   0   0031A  
710102WN01  0055000   0    0  0   0  22   9   0   1 108  2210D  4
710102WN01  0055001   0    0  0   0  10  15   0   1  32  2410C  3
710102WN01  0055002   0    0  0   0  12  10   0   1  39  2810B  2
710102WN01  0055003   0    0  0   0   9   8   0   0  68 14210A  1
710123SC01  0055000   0 1517 18   4   0   0   0   0   0   0011U  
710123SC01  0055001   0 1326  4   2   0   0   0   0   0   0021O  
710123SC01  0055002   0    1  4   0   0   0   0   0   0   0012U  
710123SC01  0055003   013425  0   4   0   0   0   0   0   0034A  
710123SC01  0055004   0    0 20  30   0   0   0   0   0   0033A  
710123SC01  0055005   022377  8   4   0   0   0   0   0   0032A  
710123SC01  0055006   012571  9  10   0   0   0   0   0   0031A  
710123SC01  0055007   0 1277  9   2   0   0   0   0   0   0022O  
710123WN01  0055000   0    0  0   0  19  15   0   1  71  6410D  4
710123WN01  0055001   0    0  0   0   2   5   0   0  47  2410C  3
710123WN01  0055002   0    0  0   0   4   2   1   0  23  1610B  2
710123WN01  0055003   0    0  0   0   2   0   0   0  41  6210A  1
710130SC01  0055000   0 1772 19   7   0   0   0   0   0   0011U  
710130SC01  0055001   0   43  1   0   0   0   0   0   0   0012U  
710130SC01  0055002   0 1325  5   1   0   0   0   0   0   0021O  
710130SC01  0055003   0 1747 12   3   0   0   0   0   0   0022O  
710130SC01  0055004   0    0  5   8   0   0   0   0   0   0031A  
710130SC01  0055005   022524  6   5   0   0   0   0   0   0032A  
710130SC01  0055006   0    0  7  14   0   0   0   0   0   0033A  
710130SC01  0055007   0    0  0   0   0   0   0   0   0   0034A  
710130WN01  0055000   0    0  0   0   9   9   2   0  66  1310A  1
710130WN01  0055001   0    0  0   0   8  17   0   7  36   110B  2
710130WN01  0055002   0    0  0   0  20  24   0   3 171   010D  4
710130WN01  0055003   0    0  0   0   5   9   0   0  66   210C  3
710206SC01  0055000   0 1214 13   3   0   0   0   0   0   0022O  
710206SC01  0055001   0 1172  2   0   0   0   0   0   0   0021D  
710206SC01  0055002   0   42  2   0   0   0   0   0   0   0012U  
710206SC01  0055003   0 1766 15   3   0   0   0   0   0   0011U  
710206SC01  0055004   018386  2   1   0   0   0   0   0   0034A  
710206SC01  0055005   0    0 22  13   0   0   0   0   0   0033A  
710206SC01  0055006   021772  5  12   0   0   0   0   0   0032A  
710206SC01  0055007   0    0 10   5   0   0   0   0   0   0031A  
710206WN01  0055000   0    0  0   0   2  17   1   3 155  2710D  4
710206WN01  0055001   0    0  0   0  35  13   0   3  34   410C  3
710206WN01  0055002   0    0  0   0  21  18   3   2  33   610B  2
710206WN01  0055003   0    0  0   0   2   2   9   2  30  4710A  1
710213SC01  0055000   022631  2   6   0   0   0   0   0   0034A  
710213SC01  0055001   0    0 23  30   0   0   0   0   0   0033A  
710213SC01  0055002   021940 12   6   0   0   0   0   0   0032A  
710213SC01  0055003   010801  5   3   0   0   0   0   0   0031A  
710213SC01  0055004   0 1196 30   3   0   0   0   0   0   0022O  
710213SC01  0055005   0 1890  0   0   0   0   0   0   0   0011U  
710213SC01  0055006   0    0  0   0   0   0   0   0   0   0021O  
710213SC01  0055007   0   50  7   1   0   0   0   0   0   0012U  
710213WN01  0055000   0    0  0   0  29  14   0   0 111  3310D  4
710213WN01  0055001   0    0  0   0   1   9   0   0  45   810C  3
710213WN01  0055002   0    0  0   0  14   9   0   3  24  6210B   
710213WN01  0055003   0    0  0   0  15   2   1   0  51   810A  1
710220SC01  0055000   0 1457 14   6   0   0   0   0   0   00220  
710220SC01  0055001   0 1132  0   0   0   0   0   0   0   0021O  
710220SC01  0055002   0   34  0   0   0   0   0   0   0   0012U  
710220SC01  0055003   0 1729  0   0   0   0   0   0   0   0011U  
710220SC01  0055004   0    0  6   4   0   0   0   0   0   0034A  
710220SC01  0055005   0    0 23  21   0   0   0   0   0   0033A  
710220SC01  0055006   0    0 10   9   0   0   0   0   0   0032A  
710220SC01  0055007   0    0  5   6   0   0   0   0   0   0031A  
710220WN01  0055000   0    0  0   0  25  18   2   1 100   510D  4
710220WN01  0055001   0    0  0   0   6   4   1   0  26   110C  3
710220WN01  0055002   0    0  0   0  10  13   0   3  18  1010B  2
710220WN01  0055003   0    0  0   0  11   2   4   0  41   110A  1
710227SC01  0055000   014853  1   1   0   0   0   0   0   0034   
710227SC01  0055001   0    0 19  14   0   0   0   0   0   0033A  
710227SC01  0055002   023001 12   8   0   0   0   0   0   0032A  
710227SC01  0055003   0    0  5   8   0   0   0   0   0   0031A  
710227SC01  0055004   0 1049  6   6   0   0   0   0   0   0022D  
710227SC01  0055005   0 1093  0   0   0   0   0   0   0   0021D  
710227SC01  0055006   0   31  4   0   0   0   0   0   0   0012U  
710227SC01  0055007   0 1482  0   0   0   0   0   0   0   0011U  
710227WN01  0055000   0    0  0   0  28  17   0   0 138   410D  4
710227WN01  0055001   0    0  0   0   9   8   0   0  58   010C  3
710227WN01  0055002   0    0  0   0  26  16   2   1  45   410B  2
710227WN01  0055003   0    0  0   0  11   5   3   0  85  1110A  1
710306SC01  0055000   0 1188 12   8   0   0   0   0   0   0022O  
710306SC01  0055001   0 1235  0   0   0   0   0   0   0   0021O  
710306SC01  0055002   0   47  9   3   0   0   0   0   0   0012U  
710306SC01  0055003   0 1238  0   0   0   0   0   0   0   0011U  
710306SC01  0055004   014406  4   0   0   0   0   0   0   0034A  
710306SC01  0055005   0    0 19  12   0   0   0   0   0   0033A  
710306SC01  0055006   023982  5  10   0   0   0   0   0   0032A  
710306SC01  0055007   0    0  3   8   0   0   0   0   0   0031A  
710306WN01  0055000   0    0  0   0  24   7   1   1 157  6310D  4
710306WN01  0055001   0    0  0   0  15  28   1   0  83   910C  3
710306WN01  0055002   0    0  0   0  29  10   1   0  43  1710B  2
710306WN01  0055003   0    0  0   0  17  10   1   0  60  6610A  1
710313WN01  0055000   0    0  0   0  21  14   0   0 110 20510D  4
710313WN01  0055001   0    0  0   0   4  15   0   0  48  4610C  3
710313WN01  0055002   0    0  0   0  22  14   1   8  44  4810B  2
710313WN01  0055003   0    0  0   0  13   7   3   0  69 21910A  1
710320WN01  0055000   0    0  0   0  17  26   0   0  77  4310D  4
710320WN01  0055001   0    0  0   0   3  12   1   0  63   710C  3
710320WN01  0055002   0    0  0   0  20  16   0   1  30   910B  2
710320WN01  0055003   0    0  0   0  20  18   2   0  66  4110A  1
710327WN01  0055000   0    0  0   0  29  18   1   0 139 19810D  4
710327WN01  0055001   0    0  0   0   9  14   0   0  87   810C  3
710327WN01  0055002   0    0  0   0  14  17   1   2  22  3610B  2
710327WN01  0055003   0    0  0   0  32   7   1   0  61 10310A  1
710403WNCB  0055000   0    0  0   0  19   0   0   0  14   810E   
710403WN01  0055000   0    0  0   0  21  25   1   0 148  4510D  4
710403WN01  0055001   0    0  0   0  13  14   0   0  58   210C  3
710403WN01  0055002   0    0  0   0  41  10   1   0  52   810B  2
710403WN01  0055003   0    0  0   0  27  16   4   3  66  3310A  1
710410WNCB  0055000   0    0  0   0  12   0   0   0  35  4510E   
710410WN01  0055000   0    0  0   0  15   7   0   0  65 13010A  1
710410WN01  0055001   0    0  0   0   5  18   0   0  66  1010C  3
710410WN01  0055002   0    0  0   0  23   8   2   0  48  5210B  2
710410WN01  0055003   0    0  0   0  17  12   0   0 121 10410D  4
710417WNCB  0055000   0    0  0   0  22   1   0   0  44  3610E   
710417WN01  0055000   0    0  0   0   6  13   0   1  48  9810A  1
710417WN01  0055001   0    0  0   0  21   5   0   0  44  3010B  2
710417WN01  0055002   0    0  0   0   5   7   0   0  86  1310C  3
710417WN01  0055003   0    0  0   0   8  22   0   0  77  5210D  4
710424SC01  0055000   0  464  0   0   0   0   0   0   0   0011U  
710424SC01  0055001   0    0 22  20   0   0   0   0   0   0033A  
710424SC01  0055002   033129  4  10   0   0   0   0   0   0032A  
710424SC01  0055003   0    0 20  22   0   0   0   0   0   0031A  
710424SC01  0055004   0 2014  4   4   0   0   0   0   0   0022O  
710424SC01  0055005   0 1285  0   0   0   0   0   0   0   0021O  
710424SC01  0055006   0   74  0   0   0   0   0   0   0   0012U  
710424WNCB  0055000   0    0  0   0  16   0   0   0  33  59      
710424WN01  0055000   0    0  0   0   9  14   0   0  82  5710D  4
710424WN01  0055001   0    0  0   0   4   5   1   0  66  1410C  3
710424WN01  0055002   0    0  0   0  15  14   0   0  29  3610B  2
710424WN01  0055003   0    0  0   0   5  11   0   0  49 12610A  1
710501SC01  0055000   0    0 14  12   0   0   0   0   0   0033A  
710501SC01  0055001   022455 12  15   0   0   0   0   0   0032A  
710501SC01  0055002   0    0 12   4   0   0   0   0   0   0031A  
710501SC01  0055003   0 1374 10   1   0   0   0   0   0   0022O  
710501SC01  0055004   0  967  0   0   0   0   0   0   0   0021O  
710501SC01  0055005   0  143  0   0   0   0   0   0   0   0012U  
710501SC01  0055006   0  454  0   0   0   0   0   0   0   0011U  
710501WNCB  0055000   0    0  0   0   6   0   0   0  21  14     1
710501WN01  0055000   0    0  0   0  19   8   1   0  83  8710A  1
710501WN01  0055001   0    0  0   0  21  14   0   0  95  7610D  4
710501WN01  0055002   0    0  0   0   4   7   1   0  83   610C  3
710501WN01  0055003   0    0  0   0  36  27   0   0  41  3310B  2
710508SC01  0055000   0    0 20   6   0   0   0   0   0   0033A  
710508SC01  0055001   021014  4   4   0   0   0   0   0   0032A  
710508SC01  0055002   0    0  1   4   0   0   0   0   0   0031A  
710508SC01  0055003   0 1722  5   4   0   0   0   0   0   0022O  
710508SC01  0055004   0 1024  0   0   0   0   0   0   0   0021O  
710508SC01  0055005   0   89  8   0   0   0   0   0   0   0012U  
710508SC01  0055006   0  178  0   0   0   0   0   0   0   0011U  
710508WNCB  0055000   0    0  0   0   8   0   0   0  22  3510E  1
710508WN01  0055000   0    0  0   0   9  12   1   0  87  5710D  4
710508WN01  0055001   0    0  0   0   4  36   0   0  61  1210C  3
710508WN01  0055002   0    0  0   0  16  14   0   0  32  3010B  2
710508WN01  0055003   0    0  0   0  11  11   0   0  71  9210A  1
710515SC01  0055000   0 1799  5   1   0   0   0   0   0   00220  
710515SC01  0055001   0 1258  0   0   0   0   0   0   0   0021O  
710515SC01  0055002   0   68  0   0   0   0   0   0   0   0012U  
710515SC01  0055003   0    0  5   3   0   0   0   0   0   0034   
710515SC01  0055004   023944  9   4   0   0   0   0   0   0032A  
710515SC01  0055005   0    0  8   5   0   0   0   0   0   0031A  
710515WNCB  0055000   0    0  0   0   3   0   0   0  40  13     1
710515WN01  0055000   0    0  0   0   5  21   0   0  27  1910B  2
710515WN01  0055001   0    0  0   0   8  18   0   0  71  5510A  1
710515WN01  0055002   0    0  0   0   8  11   0   0  71  5910D  4
710515WN01  0055003   0    0  0   0   6   4   0   0  82   510C  3
710522SC01  0055000   0    0 26  10   0   0   0   0   0   0033A  
710522SC01  0055001   022013  5   6   0   0   0   0   0   0032A  
710522SC01  0055002   0    0  0   5   0   0   0   0   0   0031A  
710522SC01  0055003   0   76  1   0   0   0   0   0   0   0012U  
710522SC01  0055004   0 2149  9   1   0   0   0   0   0   0022O  
710522SC01  0055005   0 1283  0   0   0   0   0   0   0   0021O  
710522WNCB  0055000   0    0  0   0   2   1   0   0  20  1910E  1
710522WN01  0055000   0    0  0   0  16  19   1   0  32  1410B  2
710522WN01  0055001   0    0  0   0  16  27   0   4  56  4510A  1
710522WN01  0055002   0    0  0   0   4  18   0   0 144   510C  3
710522WN01  0055003   0    0  0   0  22  17   1   0  89  4510D  4
710529SC01  0055000   0    0 18  11   0   0   0   0   0   0033A  
710529SC01  0055001   021743  5  18   0   0   0   0   0   0032A  
710529SC01  0055002   0 2158 16   2   0   0   0   0   0   0022O  
710529SC01  0055003   0 1221  0   0   0   0   0   0   0   0021O  
710529SC01  0055004   0   63  0   0   0   0   0   0   0   0012U  
710529WNCB  0055000   0    0  0   0  13   0   0   0  28  2610E  1
710529WN01  0055000   0    0  0   0  22  10   1   0 135  6710D  4
710529WN01  0055001   0    0  0   0  11   3   1   0  68  8610A  1
710529WN01  0055002   0    0  0   0  14  25   1   0  69   910C  3
710529WN01  0055003   0    0  0   0  31  10   2   0  33  2210B  2
710605SC01  0055000   0 1163  0   0   0   0   0   0   0   0021O  
710605SC01  0055001   0    0  0   3   0   0   0   0   0   0031A  
710605SC01  0055002   0 2289  1   0   0   0   0   0   0   0022O  
710605SC01  0055003   0    0  1   0   0   0   0   0   0   0034A  
710605SC01  0055004   0    0 32   9   0   0   0   0   0   0033A  
710605SC01  0055005   023686  7   2   0   0   0   0   0   0032A  
710605SC01  0055006   0   71  6   0   0   0   0   0   0   0012U  
710605WNCB  0055000   0    0  0   0   6   0   0   0  38  46101  1
710605WN01  0055000   0    0  0   0  22  30   2   3  40  1310B  2
710605WN01  0055001   0    0  0   0  29  14   0   5  56  7310A  1
710605WN01  0055002   0    0  0   0  13  10   0   3  81   310C  3
710605WN01  0055003   0    0  0   0  19   9   2   0  76  5110D  4
710619SC01  0055000   0   47  2   0   0   0   0   0   0   0012U  
710619SC01  0055001   0 2296 15   1   0   0   0   0   0   0022O  
710619SC01  0055002   0 1131  0   0   0   0   0   0   0   0021O  
710619SC01  0055003   0    0 25  11   0   0   0   0   0   0033A  
710619SC01  0055004   022575 10   4   0   0   0   0   0   0032A  
710619SC01  0055005   0    0  7   9   0   0   0   0   0   0031A  
710619WNCB  0055000   0    0  0   0   2   0   0   0   4  3210E  1
710619WN01  0055000   0    0  0   0  11  22   0   4  97  9010A  1
710619WN01  0055001   0    0  0   0   9  19   0   8  70   710C  3
710619WN01  0055002   0    0  0   0  13  14   1   7  15   510B  2
710619WN01  0055003   0    0  0   0   7   7   0   0  43  4410D  4
710626SC01  0055000   0    0 22  16   0   0   0   0   0   0033A  
710626SC01  0055001   023831 13  10   0   0   0   0   0   0032A  
710626SC01  0055002   0    0  3  12   0   0   0   0   0   0031A  
710626SC01  0055003   0   61  8   1   0   0   0   0   0   0012U  
710626SC01  0055004   0 1400  9   5   0   0   0   0   0   0022O  
710626SC01  0055005   0 1268  0   0   0   0   0   0   0   0021O  
710626WNCB  0055000   0    0  0   0   4   0   0   0   3  4310E  1
710626WN01  0055000   0    0  0   0  30  14   1   8  71  6310A  1
710626WN01  0055001   0    0  0   0  19  15   2   5  34  2210B  2
710626WN01  0055002   0    0  0   0  10  22   1  12  53  5310C  3
710626WN01  0055003   0    0  0   0  24  14   0   1  82  3210D  4
710703SC01  0055000   0    0  2   4   0   0   0   0   0   0031A  
710703SC01  0055001   0  852  8   1   0   0   0   0   0   0022O  
710703SC01  0055002   0 1160  0   0   0   0   0   0   0   0021D  
710703SC01  0055003   0   51  2   0   0   0   0   0   0   0012U  
710703SC01  0055004   0    0 20   5   0   0   0   0   0   0033   
710703SC01  0055005   022364  8  10   0   0   0   0   0   0032   
710703WNCB  0055000   0    0  0   0   1   0   0   0   4  2510E  1
710703WN01  0055000   0    0  0   0   9  10   0   3  69  6910D  4
710703WN01  0055001   0    0  0   0   4  21   0   3  68   310C  3
710703WN01  0055002   0    0  0   0  15  14   1   7  32  3910B  2
710703WN01  0055003   0    0  0   0  18  15   0  10  76 11110A  1
710710SC01  0055000   0    0 12   6   0   0   0   0   0   0033A  
710710SC01  0055001   022142  9   6   0   0   0   0   0   0032A  
710710SC01  0055002   0    0  5   5   0   0   0   0   0   0031A  
710710SC01  0055003   0   21  2   0   0   0   0   0   0   0012U  
710710SC01  0055004   0  907  6   1   0   0   0   0   0   0022O  
710710SC01  0055005   0 1222  0   0   0   0   0   0   0   0021O  
710710WNCB  0055000   0    0  0   0   1   0   0   0   3  1510E  1
710710WN01  0055000   0    0  0   0   6   9   1   0  36  3210D  4
710710WN01  0055001   0    0  0   0   3   8   0   1  71   610C  3
710710WN01  0055002   0    0  0   0   5  14   0   6  17  1310B  2
710710WN01  0055003   0    0  0   0   7  12   0  12  61  7110A  1
710717SC01  0055000   0    0 16   6   0   0   0   0   0   0033A  
710717SC01  0055001   0 1179  1   0   0   0   0   0   0   0022O  
710717SC01  0055002   0 1147  0   0   0   0   0   0   0   0021O  
710717SC01  0055003   0   40  2   0   0   0   0   0   0   0012U  
710717WNCO  0055000   0    0  0   0   1   0   0   0   1  14     1
710717WN01  0055000   0    0  0   0   0  16   0   8  37  4610A  1
710717WN01  0055001   0    0  0   0   2   9   0   4  52  1010C  3
710717WN01  0055002   0    0  0   0  13  24   0   1  23  1010B  2
710717WN01  0055003   0    0  0   0   8  15   0   0  38  4310D  4
710724WNCO  0055000   0    0  0   0   1   0   0   0   6  14      
710724WN01  0055000   0    0  0   0   9   9   0   1  34  2810D  4
710724WN01  0055001   0    0  0   0   7  16   0   0  50  1910C  3
710724WN01  0055002   0    0  0   0   5  12   2   2  37  1310B  2
710724WN01  0055003   0    0  0   0   6   6   0   6  58  8210A  1
710731SC01  0055000   0    0 17  13   0   0   0   0   0   0033A  
710731SC01  0055001   019223 11  14   0   0   0   0   0   0032A  
710731SC01  0055002   0 1296  0   0   0   0   0   0   0   0021O  
710731SC01  0055003   0 1077  6   2   0   0   0   0   0   0022O  
710731SC01  0055004   0   34  0   0   0   0   0   0   0   0012U  
710731SC01  0055005   0    0  3   4   0   0   0   0   0   0031A  
710731WNCB  0055000   0    0  0   0   0   0   0   0   0   810E  1
710731WN01  0055000   0    0  0   0   6  23   0  12  82  8010A  1
710731WN01  0055001   0    0  0   0  11  26   2   4  28   910B  2
710731WN01  0055002   0    0  0   0  16   6   0   2  26  2410D  4
710731WN01  0055003   0    0  0   0   6  14   1   4  61   810C  3
710731WN01  0055004   0    0  0   0   0   0   0   0   0   0      
710807SC01  0055000   0    0  9  11   0   0   0   0   0   0033A  
710807SC01  0055001   019254  6   9   0   0   0   0   0   0032A  
710807SC01  0055002   0    0  6   2   0   0   0   0   0   0031A  
710807SC01  0055003   0 1358  0   0   0   0   0   0   0   0022O  
710807SC01  0055004   0 1317  0   0   0   0   0   0   0   0021O  
710807SC01  0055005   0   31  2   0   0   0   0   0   0   0012U  
710807WNCB  0055000   0    0  0   0   0   0   0   0   2  1610E  1
710807WN01  0055000   0    0  0   0   4   2   0   0  33  4110D  4
710807WN01  0055001   0    0  0   0   5  10   2   0  37   510C  3
710807WN01  0055002   0    0  0   0   6  19   2   2  25   910B  2
710807WN01  0055003   0    0  0   0   4  12   1   1  35  8510A  1
710814SC01  0055000   0   23  1   0   0   0   0   0   0   0012U  
710814SC01  0055001   0  876  2   0   0   0   0   0   0   0022O  
710814SC01  0055002   0 1299  0   0   0   0   0   0   0   0021O  
710814SC01  0055003   0    0  4   4   0   0   0   0   0   0031A  
710814SC01  0055004   0    0 19  13   0   0   0   0   0   0033A  
710814SC01  0055005   021744  6   8   0   0   0   0   0   0032A  
710814WN01  0055000   0    0  0   0  14   8   0   0  33  8010A  1
710814WN01  0055001   0    0  0   0   4   5   0   0  55   410C  3
710814WN01  0055002   0    0  0   0   4  16   1   6   8  1010B  2
710814WN01  0055003   0    0  0   0   5   1   0   1  32  1510D  4
710815WNCB  0055000   0    0  0   0   0   1   0   0   1  1410E  1
710821SC01  0055000   0 1277  0   0   0   0   0   0   0   0012O  
710821SC01  0055001   0   20  3   0   0   0   0   0   0   0021U  
710821SC01  0055002   0  677  0   0   0   0   0   0   0   0022O  
710821SC01  0055003   0    0  4   2   0   0   0   0   0   0013A  
710821SC01  0055004   0    0 27  10   0   0   0   0   0   0033A  
710821SC01  0055005   0    0  4   7   0   0   0   0   0   0023A  
710821WNCB  0055000   0    0  0   0   1   1   0   0   1   410E  1
710821WN01  0055000   0    0  0   0   3  12   0   1  14  1510B  2
710821WN01  0055001   0    0  0   0  16   3   0   0  53  2110A  1
710821WN01  0055002   0    0  0   0  10   7   0   0  48   110C  3
710821WN01  0055003   0    0  0   0  10   4   0   0  37   810D  4
710828SC01  0055000   0    7  0   0   0   0   0   0   0   0021U  
710828SC01  0055001   0 1289  0   0   0   0   0   0   0   00120  
710828SC01  0055002   0  716  7   0   0   0   0   0   0   00220  
710828SC01  0055003   0    0  9   9   0   0   0   0   0   0013A  
710828SC01  0055004   0    0  6   5   0   0   0   0   0   0023A  
710828SC01  0055005   0    0 20  10   0   0   0   0   0   0033A  
710828WNCB  0055000   0    0  0   0   0   2   0   0   0  2610E  1
710828WN01  0055000   0    0  0   0   6  10   0   2  54  1410C  3
710828WN01  0055001   0    0  0   0  16   8   0   1  24  1610B  2
710828WN01  0055002   0    0  0   0  16   4   1   1  84  7110A  1
710828WN01  0055003   0    0  0   0   6   7   1   0  49  2710D  4
710904SC01  0055000   0    0 11   1   0   0   0   0   0   0013A  
710904SC01  0055001   0  819  0   0   0   0   0   0   0   0022O  
710904SC01  0055002   0 1248  0   0   0   0   0   0   0   0012O  
710904SC01  0055003   0    8  0   0   0   0   0   0   0   0021U  
710904SC01  0055004   0    0 21  16   0   0   0   0   0   0033A  
710904SC01  0055005   025717  5   3   0   0   0   0   0   0023A  
710904WNCB  0055000   0    0  0   0   1   0   0   0   0   7     1
710904WN01  0055000   0    0  0   0  20   5   0   1  57  5310A  1
710904WN01  0055001   0    0  0   0  14  32   0  13  41   910B  2
710904WN01  0055002   0    0  0   0   5   6   0   1  42  3710D  4
710904WN01  0055003   0    0  0   0   3   1   0   0  50  1010C  3
710911SC01  0055000   0    0  7   3   0   0   0   0   0   0043A  
710911SC01  0055001   0    0 20  14   0   0   0   0   0   0033A  
710911SC01  0055002   023194  5   8   0   0   0   0   0   0023A  
710911SC01  0055003   0    0  3   3   0   0   0   0   0   0013A  
710911SC01  0055004   0  604  1   1   0   0   0   0   0   0022O  
710911SC01  0055005   0 1332  0   0   0   0   0   0   0   0012O  
710911SC01  0055006   0   12  2   0   0   0   0   0   0   0021U  
710911WNCB  0055000   0    0  0   0   0   1   0   0   2  1010E  1
710911WN01  0055000   0    0  0   0   4  15   0   4  10  1510B  2
710911WN01  0055001   0    0  0   0   7   7   0   2  49  9310A  1
710911WN01  0055002   0    0  0   0   7  13   0   2  31  2810D  4
710911WN01  0055003   0    0  0   0   3  12   0   0  47  2010C  3
710918SC01  0055000   0    0  2   3   0   0   0   0   0   0043A  
710918SC01  0055001   0    0  6   9   0   0   0   0   0   0033A  
710918SC01  0055002   018548 10   2   0   0   0   0   0   0023A  
710918SC01  0055003   0    0  7   4   0   0   0   0   0   0013A  
710918SC01  0055004   0 1258  0   0   0   0   0   0   0   0012O  
710918SC01  0055005   0    2  0   0   0   0   0   0   0   0021U  
710918WNCB  0055000   0    0  0   0   0   1   0   0   3  2910E   
710918WN01  0055000   0    0  0   0   7  10   0   1  27  2710D  4
710918WN01  0055001   0    0  0   0   7  11   0   0  50  1210C  3
710918WN01  0055002   0    0  0   0   5  20   0   3  11   810B  2
710918WN01  0055003   0    0  0   0   9  10   0   1  47  6710A  1
710925SC011 0055000   0 1292  0   0   0   0   0   0   0   013BO  
710925SC011 0055001   0    0  2   3   0   0   0   0   0   013CA  
710925SC012 0055000   0  512  1   0   0   0   0   0   0   013BO  
710925SC012 0055001   032812  8   4   0   0   0   0   0   013CA  
710925SC012 0055002   0    5  1   0   0   0   0   0   0   013AU  
710925SC013 0055000   0    0 11   8   0   0   0   0   0   013CA  
710925SC014 0055000   0    0  2   0   0   0   0   0   0   013CA  
710925WN01  0055000   0    0  0   0   5  14   3  10  10  1210B  2
710925WN01  0055001   0    0  0   0   9  13   0   2  38  6910D  4
710925WN01  0055002   0    0  0   0  11   5   0   0  39  2510C  3
710925WN01  0055003   0    0  0   0   8  10   1   5  40  3310A  1
711002SC011 0055000   0    0  0   1   0   0   0   0   0   013C   
711002SC011 0055001   0 1320  0   0   0   0   0   0   0   013B   
711002SC012 0055000   0  587  3   2   0   0   0   0   0   013B   
711002SC012 0055001   086844  8   3   0   0   0   0   0   013C   
711002SC012 0055002   0    6  0   0   0   0   0   0   0   013A   
711002SC013 0055000   0    0  9  15   0   0   0   0   0   013C   
711002WNCB  0055000   0    0  0   0  17   1   0   0  16  1410E   
711002WNO1  0055000   0    0  0   0  16  19   1  13  17  2410B  2
711002WNO1  0055001   0    0  0   0   8   8   0   2  46  4310D  4
711002WNO1  0055002   0    0  0   0  26   4   0   0  74  3310C  3
711002WNO1  0055003   0    0  0   0   3  10   1   3  51  5610A  1
711009SC011 0055000   0 1236  0   0   0   0   0   0   0   013B   
711009SC011 0055001   0    0  2   1   0   0   0   0   0   013C   
711009SC012 0055000   0  804  0   0   0   0   0   0   0   013B   
711009SC012 0055001   067123  1   1   0   0   0   0   0   013C   
711009SC012 0055002   0   13  0   0   0   0   0   0   0   013A   
711009SC013 0055000   0    0 15   7   0   0   0   0   0   013C   
711009SC014 0055000   0    0  3   0   0   0   0   0   0   013C   
711009WN/1  0055000   0    0  0   0   5  11   0   2  52  3210A  1
711009WN/1  0055001   0    0  0   0   9   7   0   0  83  5910C  3
711009WN/1  0055002   0    0  0   0   8  17   1  19  30  1210B  2
711009WN/1  0055003   0    0  0   0   6  12   1  11  48  3010D  4
711009WNCB  0055000   0    0  0   0  15   0   0   0  25  4010E   
711023SC011 0055000   0    0  3   1   0   0   0   0   0   013CA  
711023SC01100055000   0 1223  0   0   0   0   0   0   0   013BO  
711023SC012 0055000   0  667  3   1   0   0   0   0   0   013BO  
711023SC012 0055001   063443  4   4   0   0   0   0   0   013CA  
711023SC013 0055000   0    0 26   9   0   0   0   0   0   013CA  
711023WNCB  0055000   0    0  0   0   4   0   0   0  17  1210E   
711023WNO1  0055000   0    0  0   0   1   0   2   1   0   010D  7
711023WNO1  0055001   0    0  0   0  13   8   0   0  64  4610C  3
711023WNO1  0055002   0    0  0   0   3  11   1   5  11  1010B  2
711023WNO1  0055003   0    0  0   0   4   3   0   1  29  3710A  1
711211SC01120055000   0  782  0   0   0   0   0   0   0   0 21O  
711211SC01130055000   0    0  4   1   0   0   0   0   0   0 31A  
711211SC01220055000   0  674 10   0   0   0   0   0   0   0 22O  
711211SC01230055000   053261  6   1   0   0   0   0   0   0 32A  
711211SC01330055000   0    0 22   8   0   0   0   0   0   0 33A  
711211SC01430055000   0    0  0   0   0   0   0   0   0   0 34A  
711211WNCB  0055000   0    0  0   0  14   1   0   0  28  2110E  1
711211WN01  0055000   0    0  0   0   3   2   0   0   7   210B  2
711211WN01  0055001   0    0  0   0   3   2   0   0  18   510A  1
711211WN01  0055002   0    0  0   0   3   5   0   0  35  2310D  4
711211WN01  0055003   0    0  0   0   0   9   0   0  39   610C  3
711218SC01120055000   0  812  0   0   0   0   0   0   0   0 21O  
711218SC01130055000   0    0  1   0   0   0   0   0   0   0 31A  
711218SC01220055000   0  738  3   2   0   0   0   0   0   0 22O  
711218SC01230055000   056173  4   3   0   0   0   0   0   0 32A  
711218SC01330055000   0    0 24  10   0   0   0   0   0   0 33A  
711218SC01430055000   0    0  0   0   0   0   0   0   0   0 34A  
711218WNCB  0055000   0    0  0   0   6   0   0   0  23  3510E  1
711218WN01  0055000   0    0  0   0  12   0   1   0   6  2410A  1
711218WN01  0055001   0    0  0   0   2   5   0   0  48   310C  3
711218WN01  0055002   0    0  0   0  12   3   0   0  14  1210B  2
711218WN01  0055003   0    0  0   0   6   4   0   0  25  1210D  4
711225SC01120055000   0  745  0   0   0   0   0   0   0   0 21O  
711225SC01130055000   0    0  4   3   0   0   0   0   0   0 31A  
711225SC01220055000   0  838  8   1   0   0   0   0   0   0 22O  
711225SC01230055000   047648  0   1   0   0   0   0   0   0 32A  
711225SC01330055000   0    0 19   6   0   0   0   0   0   0 33A  
711225WNCB  0055000   0    0  0   0   6   0   1   0  11  3410E  1
711225WN01  0055000   0    0  0   0  11   0   0   0  20  1010A  1
711225WN01  0055001   0    0  0   0   8   2   0   0  35  2610D  4
711225WN01  0055002   0    0  0   0   2   2   0   0  26   110C  3
711225WN01  0055003   0    0  0   0   6   1   0   0   7  1410B  2
720101SC01120055000   0  503  0   0   0   0   0   0   0   0 21O  
720101SC01130055000   0    0  3   3   0   0   0   0   0   0 31A  
720101SC01220055000   0  900  3   1   0   0   0   0   0   0 22O  
720101SC01230055000   058860  5   0   0   0   0   0   0   0 32A  
720101SC01330055000   0    0 16   4   0   0   0   0   0   0 33A  
720101WNCB  0055000   0    0  0   0   2   0   0   0  13  2310E  1
720101WN01  0055000   0    0  0   0   4   4   0   0  42   510D  4
720101WN01  0055001   0    0  0   0   8   9   0   0  16   210C  3
720101WN01  0055002   0    0  0   0  11   7   0   0  16  1710A  1
720101WN01  0055003   0    0  0   0   4   3   0   0   8  1010B  2
720108SC01120055000   0  623  0   0   0   0   0   0   0   0 21O  
720108SC01130055000   0    0  5   5   0   0   0   0   0   0 31A  
720108SC01220055000   0  651  0   0   0   0   0   0   0   0 22O  
720108SC01230055000   045509  7   1   0   0   0   0   0   0 32A  
720108SC01330055000   0    0 21   7   0   0   0   0   0   0 33A  
720108WNCB  0055000   0    0  0   0   2   0   0   0   5   110E  1
720108WN01  0055000   0    0  0   0   6   1   0   0   3   610B  2
720108WN01  0055001   0    0  0   0   3   1   1   0  14  1510A  1
720108WN01  0055002   0    0  0   0   2   0   0   0   5  1110E  1
720108WN01  0055003   0    0  0   0   5   4   0   0  27   510D  4
720108WN01  0055004   0    0  0   0   3   2   1   0  39   410C  3
720122WN01  0055000   0    0  0   0   7   5   0   0  46  1410D  4
720122WN01  0055001   0    0  0   0   2   7   0   0  38   210C  3
720122WN01  0055002   0    0  0   0   7   0   0   0   7  1610B  2
720122WN01  0055003   0    0  0   0  11   2   0   0  10  1510A  1
720129SC01120055000   0  385  0   0   0   0   0   0   0   0 21O  
720129SC01130055000   0    0  8  10   0   0   0   0   0   0 31A  
720129SC01220055000   0  355  0   0   0   0   0   0   0   0 22O  
720129SC01230055000   050282 12   4   0   0   0   0   0   0 32A  
720129SC01330055000   0    0 11   7   0   0   0   0   0   0 33A  
720129SC01430055000   0    0  1  14   0   0   0   0   0   0 34A  
720129WNCB  0055000   0    0  0   0   0   0   0   0   2   110E  1
720129WN01  0055000   0    0  0   0   4  12   0   0  56   010C  3
720129WN01  0055001   0    0  0   0  13   4   0   0  58   710D  4
720129WN01  0055002   0    0  0   0   2   2   0   0   5   510B  2
720129WN01  0055003   0    0  0   0   4   8   0   0  26  2110A  1
720205SC01120055000   0  321  0   0   0   0   0   0   0   0 21O  
720205SC01130055000   0    0  7   6   0   0   0   0   0   0 31A  
720205SC01220055000   0  580 11   2   0   0   0   0   0   0 22O  
720205SC01230055000   050644  1   4   0   0   0   0   0   0 32A  
720205SC01430055000   0    0  3   6   0   0   0   0   0   0 34A  
720205WNCB  0055000   0    0  0   0   1   0   0   0   3   010E  1
720205WN01  0055000   0    0  0   0   3   0   0   0  36   010D  4
720205WN01  0055001   0    0  0   0   0   3   0   0  61   010C  3
720205WN01  0055002   0    0  0   0   3   7   1   0  15   010B  2
720205WN01  0055003   0    0  0   0   8   8   1   0  29   010A  1
720212SC01120055000   0  132  0   0   0   0   0   0   0   0 21O  
720212SC01130055000   0    0  4   9   0   0   0   0   0   0 31A  
720212SC01220055000   0  706  5   0   0   0   0   0   0   0 22O  
720212SC01230055000   042024  2   3   0   0   0   0   0   0 32A  
720212SC01330055000   0    0  1   1   0   0   0   0   0   0 33A  
720212SC01430055000   0    0  0  11   0   0   0   0   0   0 34A  
720212WNCB  0055000   0    0  0   0   2   1   0   0   1   010E  1
720212WN01  0055000   0    0  0   0   5   5   0   0  26   010D  4
720212WN01  0055001   0    0  0   0   5   4   0   1  39   010C  3
720212WN01  0055002   0    0  0   0  15   7   1   0  22   010B  2
720212WN01  0055003   0    0  0   0  10  11   0   2  17   010A  1
720219SC01120055000   0  111  0   0   0   0   0   0   0   0 21O  
720219SC01220055000   0  979  4   1   0   0   0   0   0   0 22O  
720219SC01230055000   0    0  2   2   0   0   0   0   0   0 32A  
720219SC013 0055000   0    0  5   5   0   0   0   0   0   031A   
720219SC01330055000   0    0  0   1   0   0   0   0   0   0 33A  
720219SC01430055000   0    0  2   3   0   0   0   0   0   0 34A  
720219WNCB  0055000   0    0  0   0   0   0   0   0   1   010E  1
720219WN01  0055000   0    0  0   0  11   0   0   0  21   010B  2
720219WN01  0055001   0    0  0   0  12   2   0   0  42   010D  4
720219WN01  0055002   0    0  0   0   7   2   0   0  25   010C  3
720219WN01  0055003   0    0  0   0  12   4   0   0  30   010A  1
720226SC01120055000   0   44  0   0   0   0   0   0   0   0 21O  
720226SC01130055000   0    0  8   8   0   0   0   0   0   0 31A  
720226SC01220055000   0  842  0   3   0   0   0   0   0   0 22O  
720226SC01230055000   035378  5   1   0   0   0   0   0   0 32A  
720226SC01430055000   0    0  1  13   0   0   0   0   0   0 34A  
720226WNCB  0055000   0    0  0   0   0   0   0   0   2   010E  1
720226WN01  0055000   0    0  0   0  23  11   1   0  41   010D  4
720226WN01  0055001   0    0  0   0   8   2   0   1  36   010C  3
720226WN01  0055002   0    0  0   0   9   6   0   0  27   010B  2
720226WN01  0055003   0    0  0   0   8  10   0   3  31   010A  1
720304SC01130055000   0    0  7   5   0   0   0   0   0   0 31A  
720304SC01220055000   0  285  2   0   0   0   0   0   0   0 22O  
720304SC01230055000   048002  6   3   0   0   0   0   0   0 32A  
720304SC01330055000   0    0 10   8   0   0   0   0   0   0 33A  
720304SC01430055000   0    0  2   6   0   0   0   0   0   0 43A  
720304WNCB  0055000   0    0  0   0   0   0   0   0   1   010E  1
720304WN01  0055000   0    0  0   0   8   6   1   0  34   010B  2
720304WN01  0055001   0    0  0   0  11  22   0   0  39   010A  1
720304WN01  0055002   0    0  0   0  11   7   1   0  72   010D  4
720304WN01  0055003   0    0  0   0   9   8   0   0  63   010C  3
720311SC01130055000   0    0  7   6   0   0   0   0   0   0 31A  
720311SC01220055000   0  257  1   0   0   0   0   0   0   0 22O  
720311SC01230055000   052921  0   0   0   0   0   0   0   0 32A  
720311SC01330055000   0    0 23   5   0   0   0   0   0   0 33A  
720311SC01430055000   0    0 26   2   0   0   0   0   0   0 34A  
720311WN01  0055000   0    0  0   0  11  17   0   1  45   010A  1
720311WN01  0055001   0    0  0   0  11   5   0   0  60   010D  4
720311WN01  0055002   0    0  0   0   6   4   0   0  53   010C  3
720311WN01  0055003   0    0  0   0   4   1   1   0  28   010B  2
720318SC01130055000   0    0  8   1   0   0   0   0   0   0 31A  
720318SC01220055000   0  117  2   1   0   0   0   0   0   0 22O  
720318SC01230055000   059399  6   4   0   0   0   0   0   0 32A  
720318SC01430055000   0    0  6   6   0   0   0   0   0   0 34A  
720318WNCB  0055000   0    0  0   0   1   0   0   0   0   510E  1
720318WN01  0055000   0    0  0   0  19   2   2   0  42   010D  4
720318WN01  0055001   0    0  0   0   4   1   1   0  29   410C  3
720318WN01  0055002   0    0  0   0   6   3   0   0  25   010B  2
720318WN01  0055003   0    0  0   0  13   6   2   0  26  1210A  1
720325SC01130055000   0 4530  8  10   0   0   0   0   0   0 31A  
720325SC01220055000   0   38  0   0   0   0   0   0   0   0 22O  
720325SC01230055000   058856 16   2   0   0   0   0   0   0 32   
720325SC01330055000   0 1690  1   1   0   0   0   0   0   0 33   
720325SC01430055000   035703 70  75   0   0   0   0   0   0 43   
720325WNCB  0055000   0    0  0   0   1   0   0   0   1   5  E  1
720325WN01  0055000   0    0  0   0  25  16   3   2  35  1510A  1
720325WN01  0055001   0    0  0   0   3   4   1   0  27   210C  3
720325WN01  0055002   0    0  0   0  13   8   0   1  31   310B  2
720325WN01  0055003   0    0  0   0  15   7   0   4  43   310D  4
720401SC01130055000   0 5741 11   1   0   0   0   0   0   0 31A  
720401SC01220055000   0    2  2   0   0   0   0   0   0   0 22O  
720401SC01230055000   034695  9   5   0   0   0   0   0   0 32A  
720401SC01330055000   0 1788  9   6   0   0   0   0   0   0 33A  
720401SC01430055000   013090110  62   0   0   0   0   0   0 34A  
720401WNCB  0055000   0    0  0   0   5   1   0   0   0   210E  1
720401WN01  0055000   0    0  0   0  14   4   1   0  57   710D  4
720401WN01  0055001   0    0  0   0   6   3   1   0  34   210C  3
720401WN01  0055002   0    0  0   0   8   8   1   0  36   710B  2
720401WN01  0055003   0    0  0   0  29  18   0   0  47   610A  1
720408SC01130055000   0 5481  8   3   0   0   0   0   0   0 31A  
720408SC01220055000   0    1  1   0   0   0   0   0   0   0 220  
720408SC01330055000   0 1735 25  26   0   0   0   0   0   0 33A  
720408SC01430055000   020728 86  51   0   0   0   0   0   0 34A  
720408WNCB  0055000   0    0  0   0   4   0   0   0   3   010E  1
720408WN01  0055000   0    0  0   0   7   4   0   0  44   010D  4
720408WN01  0055001   0    0  0   0   8   8   0   1  29   010C  3
720408WN01  0055002   0    0  0   0  15  10   2   3  30   010B  2
720408WN01  0055003   0    0  0   0  17   7   0   0  44   010A  1
720415SC01130055000   0 5539  3   2   0   0   0   0   0   0 31A  
720415SC01230055000   037811  6   1   0   0   0   0   0   0 32A  
720415SC01330055000   0 1702 27  38   0   0   0   0   0   0 33A  
720415SC01430055000   020070198  77   0   0   0   0   0   0 34A  
720415WNCB  0055000   0    0  0   0   1   0   0   0   2   010E  1
720415WN01  0055000   0    0  0   0  28   4   1   0  19   010D  4
720415WN01  0055001   0    0  0   0  18   2   2   0  36   010C  3
720415WN01  0055002   0    0  0   0   8   8   1   0  33   010B  2
720415WN01  0055003   0    0  0   0  23   3   0   0  30   010A  1
720422SC01130055000   0 5040  9   1   0   0   0   0   0   0 31A  
720422SC01230055000   033255  9   3   0   0   0   0   0   0 32A  
720422SC01330055000   0 1412 41  51   0   0   0   0   0   0 33A  
720422SC01430055000   022854116  65   0   0   0   0   0   0 34A  
720422WNCB  0055000   0    0  0   0   2   0   0   0   4   010E  1
720422WN01  0055000   0    0  0   0  31   5   6   0  42   010B  2
720422WN01  0055001   0    0  0   0  45   6   2   0  81   010D  4
720422WN01  0055002   0    0  0   0  26   5   1   0  86   010C  3
720422WN01  0055003   0    0  0   0  30   5   3   0  32   010A  1
720429SC01130055000   0 5612 11   6   0   0   0   0   0   0 31A  
720429SC01230055000   032765  5   1   0   0   0   0   0   0 32A  
720429SC01330055000   0 1413 43  16   0   0   0   0   0   0 33A  
720429SC01430055000   019170 77  45   0   0   0   0   0   0 34A  
720429WNCB  0055000   0    0  0   0   0   0   0   0   1   010E  1
720429WN01  0055000   0    0  0   0  57   4   3   0  26   010A  1
720429WN01  0055001   0    0  0   0  33   7   0   0  60   010C  3
720429WN01  0055002   0    0  0   0  62  11   2   0  54   010B  2
720429WN01  0055003   0    0  0   0  75   8   1   0 136   010D  4
